BoroName,NTAName,id,mhinc_70,mhinc_80,mhinc_90,mhinc_00,mhinc_10,pcol_70,pcol_80,pcol_90,pcol_00,pcol_10,70_HINC70,70_MHMVAL7,70_MRENT70,00_MHMVAL0,00_MRENT00,10_mrent0a,10_mhmval0,70_POP70,70_WHITE70,70_BLACK70,80_POP80,80_NHWHT80,80_NHBLK80,80_MHMVAL8,80_MRENT80,90_POP90,90_NHWHT90,90_NHBLK90,90_MHMVAL9,90_MRENT90,00_POP00,00_NHWHT00,00_NHBLK00,10_pop10,10_nhwht10,10_nhblk10
Staten Island,West New Brighton-New Brighton-St. George,36085000900,0,17878,27412,35703,56192,16,29,35,32,33,9653.845556,25681.81757,111.0989015,165200,714,913,463700,2133.00001142244,1666.0000089216,415,1666.0000089216,948,410,45769.0002450978,235.00000125845,1656.00000886805,704.000003769994,527,168800.000903942,517.000002768589,2109,623,859,2112,484,845
Staten Island,West New Brighton-New Brighton-St. George,36085012500,0,20889,40068,42260,55139,7,11,20,24,20,9694.444719,21485.14757,110.9090885,179100,680,1247,462000,2766.00002197683,2625.00002085653,121,2617.00002079297,2165,241,49494.0003932469,233.000001851266,2384.0000189417,1740.0000138249,309,168000.001334818,568.000004512956,2803,1495,499,2939,1171,572
Staten Island,Grasmere-Arrochar-Ft. Wadsworth,36085007400,9500,12606,26689,30604,65559,3,6,10,9,35,9500,19305.55482,102.307693,187200,590,696,452500,2173.00002706784,2152.00002680626,8,2833.00003528909,2497,37,43039.0005361127,190.000002366723,2895.00003606139,2376.0000295965,22,163300.002034137,397.000004945206,3644,2565,74,4693,3006,178
Manhattan,East Village,36061003200,0,8759,25311,36759,52203,14,25,37,51,57,5374.345504,,63.4224594,176300,730,1179,604900,9870.00014549456,8927.00013159371,553,8369.00012336818,6127,448,8947.00013188853,177.000002609173,7832.00011545222,5777.00008515928,460,287500.004238063,382.000005631096,8016,5819,340,8234,5708,302
Manhattan,Midtown-Midtown South,36061009600,0,17574,24750,60083,36906,28,43,43,72,34,7145.83363,,183.809522,1000001,975,399,-999,514.000012446195,453.000010969117,40,387.000009370968,288,28,,283.000006852672,151.000003656372,105.000002542511,5,0,450.000010896474,210,101,9,155,99,5
Manhattan,Turtle Bay-East Midtown,36061009800,0,20604,42398,67482,101191,38,51,62,74,82,10187.14519,63125,170,286300,1230,1940,774400,7262.00002705306,7075.00002635643,62,7199.00002681836,6413,100,202273.000753526,368.000001370907,6979.0000259988,5813.00002165511,229,500001.001862649,692.000002577901,7066,5756,170,7316,5665,186
Manhattan,Turtle Bay-East Midtown,36061010000,9125,20777,48884,73906,82488,29,48,53,73,71,9125,,230.621305,312500,1182,1958,693500,2112.00001180172,2052.00001146644,22,2007.00001121499,1779,43,225000.001257285,447.000002497807,1663.00000929274,1433.00000800751,19,337500.001885928,785.000004386529,1822,1480,20,1992,1372,117
Manhattan,Midtown-Midtown South,36061010200,0,16750,47740,174119,41809,52,38,62,84,46,7333.333489,,163.1579005,1000001,1162,1078,58700,449.999998114072,431.999998189509,6,266.999998881016,228,2,,370.999998445157,319.999998658895,257.999998918734,24,500000.99790452,968.999995938968,269,241,1,230,163,19
Manhattan,Midtown-Midtown South,36061010400,0,21926,38636,67500,85455,35,49,60,69,82,13744.1873,10000,214.2857322,296400,1082,1671,740400,1238.99997230619,1213.99997286499,9,1193.99997331202,1087,7,79999.9982118607,355.99999204278,1178.9999736473,1046.99997659773,25,500000.988824107,686.999984644353,1097,909,29,966,758,30
Manhattan,Midtown-Midtown South,36061011201,0,24511,47802,78354,122125,32,40,54,67,70,11289.85517,,298.18182,546900,1681,2001,930600,1256.00000116974,1240.00000115484,5,1173.00000109244,1078,20,,510.000000474975,947.000000881962,882.000000821427,7,0,915.00000085216,1041,858,42,992,830,15
Manhattan,Midtown-Midtown South,36061011202,0,23958,150001,188697,116058,28,46,63,55,65,15365.8533,,312.5,1000001,710,-999,826400,891.99999875389,879.999998770654,5,484.999999322463,446,14,199999.999720603,383.999999463558,444.999999378342,377.99999947194,4,499999.999301508,1000.99999860162,380,316,3,441,355,3
Manhattan,Turtle Bay-East Midtown,36061011203,0,21156,43750,77329,83571,28,43,46,60,68,9307.692593,,205.9829019,430800,1505,2001,869300,1477.99997797608,1449.99997839332,14,1647.99997544289,1500,33,224999.996647239,375.999994397163,1185.99998232722,1061.99998417497,16,187499.997206032,745.999988883734,1255,1057,16,1401,1132,22
Manhattan,Midtown-Midtown South,36061011300,0,6042,,47813,113618,21,12,13,20,20,5333.33375,,110.4545396,,675,1526,-999,130.999997803941,83.9999985918403,45,98.9999983403832,35,49,,166.999997200444,1295.99997827411,204.99999656342,554,,574.999990360811,322,179,34,117,55,11
Manhattan,Upper East Side-Carnegie Hill,36061011402,0,27652,57870,85908,102432,36,53,59,73,77,11769.23006,65000,230.9322,599900,1096,1720,1000001,2837.99997885525,2800.99997913092,15,2868.99997862428,2678,23,213234.998411275,434.999996758997,2671.99998009205,2412.99998202175,53,500000.996274702,785.999994143844,2367,2023,20,2397,2076,31
Manhattan,Upper East Side-Carnegie Hill,36061013000,0,39895,113045,171146,232768,36,55,65,78,82,15020.96472,65000,303.8863156,1000001,1222,1613,1000001,6487.99997583032,6315.99997647107,104,5829.99997828156,5460,68,213361.999205165,505.999998115003,4677.99998257309,4340.99998382851,38,500000.998137351,913.999996595085,4622,4180,69,4195,3807,57
Manhattan,Upper East Side-Carnegie Hill,36061014000,0,31625,69504,97430,154920,44,66,72,84,84,11527.65972,65000,198.6308293,699900,1271,1785,1000001,8099.9999396503,7947.99994078279,69,7842.9999415651,7366,91,213361.998410329,427.999996811152,7731.99994239211,7210.99994627386,41,500000.996274702,861.9999935776,7754,7042,80,7813,6771,153
Manhattan,Yorkville,36061014601,0,14781,40503,60589,89846,24,43,67,74,83,7357.14295,,90,242800,1226,1780,713200,3078.99995411932,2983.99995553494,19,3030.99995483458,2667,49,216666.99677141,279.999995827675,3344.99995015562,2922.99995644391,56,500000.992549405,740.99998895824,3846,3135,72,4274,3249,147
Manhattan,Yorkville,36061014602,0,19959,46393,70370,100410,29,50,64,75,79,8336.653516,,114.1847855,236000,1235,1792,691700,6384.99988107011,6109.99988619238,139,6846.99987246469,5971,196,137499.997438863,339.999993667006,7327.99986350536,6368.99988136813,165,500000.990686756,800.999985080212,8257,6903,189,7904,6353,170
Manhattan,Upper East Side-Carnegie Hill,36061014801,0,28300,73047,90391,144167,48,56,75,80,84,14093.75,,268.75,640100,1325,2001,1000001,2432,2384,24,2451,2208,31,225000,460,3173,2795,50,500001,901,2903,2538,43,2863,2418,46
Manhattan,Upper East Side-Carnegie Hill,36061014802,0,26667,58552,89713,103203,38,59,70,81,84,9048.701381,61250,139,790500,1192,1805,1000001,6022.99993268773,5840.99993472174,80,5998.99993295595,5481,77,134999.998491257,385.999995686114,6161.99993113428,5634.99993702397,88,500000.994412053,812.999990914017,6947,6055,87,7066,5827,114
Manhattan,Lincoln Square,36061015300,0,21133,53912,94583,126701,34,53,67,80,81,8207.407643,,171.169976,441600,1327,2001,1000001,8176.9999390766,7585.9999434799,312,7864.99994140118,6808,290,139999.998956919,397.999997034669,8516.99993654341,7441.99994455278,206,374999.997206032,840.999993734062,9040,7664,200,9320,7615,178
Manhattan,Yorkville,36061015400,0,14756,41733,58761,82000,17,43,58,70,71,6070.776471,,69.89655288,203900,994,1478,593400,6147.9999198392,5829.99992398545,185,10601.9998617657,7936,925,9374.99987776391,282.9999963101,12990.9998306166,10224.9998666812,898,349999.995436519,678.999991146848,13058,9636,890,13749,9580,846
Manhattan,East Harlem North,36061018400,0,6364,12061,14103,27236,1,3,4,5,15,5002.645466,,71.37232914,1000001,265,565,372400,10602.999842003,2644.99996058643,7569,6449.99990388751,33,3689,4999.99992549419,132.999998018146,5728.99991463125,28.9999995678663,2841,0,249.99999627471,6006,88,2571,7835,421,2909
Manhattan,Central Harlem South,36061019000,0,5150,8856,16623,54135,1,5,6,8,43,3399.082434,,58.84169787,275000,373,611,602400,4056.99989420548,244.999993611127,3776,1423.99996286631,5,1342,37499.9990221113,131.999996557832,1908.99995021895,12.9999996609986,1601,112499.997066334,246.999993558973,1818,20,1470,3083,507,1766
Manhattan,Central Harlem South,36061020102,0,6011,12023,23146,37798,2,4,7,21,42,4385.6382,13750,71.21574983,203700,465,861,466300,4829.00003597885,50.000000372529,4761,2404.0000179112,7,2321,35000.0002607703,141.000001050532,2381.00001773983,30.0000002235174,2147,212500.001583248,270.000002011657,3594,153,2592,3865,725,2066
Manhattan,Central Harlem North-Polo Grounds,36061020600,0,5009,14884,25714,31389,2,6,8,22,28,3738.738863,21500,64.08283885,260700,435,617,513400,4719.00001757964,112.000000417233,4571,2824.00001052022,28,2691,39167.0001459084,134.000000499189,1922.00000716001,25.0000000931323,1634,84400.0003144145,228.000000849366,2310,84,1849,2942,272,1951
Manhattan,Central Harlem North-Polo Grounds,36061023400,0,6390,15274,20257,40371,4,8,10,9,28,4697.580357,,66.41593412,0,501,827,415000,6244.00002326071,44.0000001639128,6177,3828.00001426041,36,3667,,141.000000525266,3585.00001335517,76.0000002831221,3149,0,281.000001046807,3530,38,2913,4465,321,2974
Manhattan,Washington Heights South,36061023900,0,6423,12500,17841,20731,6,6,11,13,27,4849.056437,,75.97609976,266700,439,806,196400,2967.00004421175,130.000001937151,2817,2327.000034675,23,2142,47500.0007078052,154.000002294779,1993.00002969801,29.0000004321337,1542,212500.003166497,294.000004380941,2686,61,1473,2371,221,931
Manhattan,Washington Heights South,36061024900,0,5721,17656,20197,29500,4,0,10,6,11,5330.768765,,68.29166401,350000,383,706,56200,1392.99995848536,555.999983429909,785,1111.99996685982,42,521,19999.9994039536,154.99999538064,1308.99996098876,27.999999165535,455,87499.9973922968,287.999991416931,1150,22,261,1101,70,206
Manhattan,Washington Heights South,36061025300,0,10390,20448,26899,35244,6,8,11,9,19,6405.454603,,82.51691147,134100,541,900,78200,10370.9999710238,8207.99997706711,1458,11305.9999684114,1552,660,24999.9999301508,189.999999469146,12840.9999641227,1026.9999971306,566,116699.999673944,374.999998952262,12753,655,614,11236,1224,557
Manhattan,Central Harlem South,36061025700,0,6861,12737,21530,50979,5,8,16,17,54,4521.008803,,69.17182886,130542.953,458.4482448,798,722300,5399.99994625291,380.999994588317,4948,3838.99997895677,14,3702,43902.4387446527,143.427326805185,3244.99997295556,348.999994978774,2437,176075.824309827,286.264323641893,2942,129,2236,3876,901,2099
Manhattan,Washington Heights South,36061026100,0,9210,16383,25712,30987,4,5,5,6,12,6165.198029,,83.38495239,166700,489,754,121300,11570.9999784473,9056.99998313002,2080,10136.9999811184,637,1464,24999.9999534339,191.999999642372,12598.9999765325,383.999999284744,1297,149999.999720603,363.999999321997,13080,201,798,12087,360,582
Manhattan,Washington Heights South,36061026300,0,10672,20390,30297,24859,10,8,10,9,25,7628.205463,,92.59351504,97700,618,850,170100,7467.99996696319,6605.99997077649,715,8210.99996367632,1405,1142,64999.9997124542,209.999999071006,8679.99996160157,945.999995815102,959,187499.999170541,411.999998177402,9811,535,562,8729,708,411
Manhattan,Washington Heights North,36061026700,0,10810,14348,19947,23393,17,9,16,18,23,7457.446894,,96.5,55000,602,776,-999,1483,1441,23,2076,1347,27,,210,1679,511,51,0,408,1923,592,36,2173,1353,21
Manhattan,Washington Heights North,36061026900,0,9125,16629,22279,26362,4,5,5,7,19,4407.959959,16875,80.35533405,135000,525,773,330000,8343.99998445809,7262.99998647161,888,7708.99998564087,1024,525,29166.9999456722,183.999999657273,9959.99998144805,1367.9999974519,356,137499.999743886,353.999999340624,9931,1164,280,8428,709,266
Manhattan,Washington Heights North,36061027700,0,9081,19248,25087,27373,5,5,6,7,17,6386.076381,,80.71428678,225000,549,782,-999,5956,5508,325,6431,1535,320,32500,188,7614,906,299,0,373,8112,606,496,7086,520,406
Brooklyn,Brooklyn Heights-Cobble Hill,36047000501,0,17082,41626,65013,80107,,52,0,,77,8531.358776,55625.00047,121.7852745,217699.9991,868.9999737,1446,494900,3654.72698634863,3447.74047467113,139.285827636719,3425.54352971911,2963.84716796875,165.367233276367,112499.997392797,274.999990751561,3326.76712468266,2794.5953694582,170.361557006836,500000.991119418,535.99999487917,3415.0001642704,2780.72241210938,158.153244018555,4247,3067,322
Brooklyn,Sunset Park West,36047002000,0,7880,17759,26813,34063,0,1,9,8,10,3820.946163,10625,81.67939034,181300,623,1000,504100,3722.99999609927,3296.99999654561,356,1345.99999858974,81,64,23332.9999755531,188.999999801978,1340.99999859498,34.9999999633292,70,154199.999838439,409.999999570427,1574,66,116,1672,53,60
Brooklyn,DUMBO-Vinegar Hill-Downtown Brooklyn-Boerum Hill,36047004100,0,16454,44944,61486,89205,13,37,60,58,59,5738.806034,34285.71498,77.66447494,545300,890,1381,1000001,3333.00003104098,2430.00002263114,682,2787.00002595596,1405,491,82727.0007704552,211.000001965091,3315.00003087334,1749.00001628883,782,339500.00316184,546.000005085021,3251,2043,474,3598,2388,465
Brooklyn,Bay Ridge,36047005201,0,18095,18756,21804,24917,,27,0,31,39,12979.89611,34142.31051,171.9419709,375000,408.1787149,603,701300,1489.97119444298,1478.24691566653,.599646329879761,1580.677258537,1517.95002794266,.539681732654572,68846.0002564713,273.675080004324,1756.29975312305,1674.27470748177,2.16819560527802,301902.426316373,324.20215849644,1781.00000017881,1595,10.3333333730698,1829,1518,22
Brooklyn,Bay Ridge,36047005202,0,17697,42299,54500,64044,19,21,28,35,51,11956.83466,40500,149.2335771,128900,792,1006,361600,3173,3170,1,2794,2701,3,89048,283,2566,2425,5,358000,510,2453,2186,7,2481,2112,38
Brooklyn,Bay Ridge,36047005800,0,14206,29239,41522,50785,7,12,20,37,42,7906.25,25930.23197,80.50480863,274000,706,998,633900,3508.0000163354,3461.00001611654,2,3211.00001495238,2964,1,58333.0002716342,197.000000917353,2991.00001392793,2547.00001186039,15,231800.001079403,485.000002258457,3308,2344,19,3152,2296,52
Brooklyn,Bay Ridge,36047006000,0,14172,29545,45396,66250,5,8,16,34,37,9522.058493,25000,82.54545364,266700,715,1040,576900,3006.00004479289,2945.00004388392,4,2739.00004081428,2442,5,61118.0009107292,201.000002995133,2562.00003817678,2064.000030756,5,242100.003607571,522.000007778406,2907,1786,20,2826,1712,55
Brooklyn,Carroll Gardens-Columbia Street-Red Hook,36047006500,0,14327,32958,62049,82003,2,13,37,55,68,7696.970123,23750,72.80863607,375200,983,1677,991600,8183.00005971778,8016.00005849905,114,6205.00004528276,5117,28,63500.0004634094,183.000001335495,5153.00003760549,4406.00003215404,75,358300.002614797,574.000004188929,5136,4118,147,5191,4278,91
Brooklyn,Carroll Gardens-Columbia Street-Red Hook,36047006700,0,15830,46176,70536,107851,7,26,51,69,76,9024.390805,40625,70.3393635,683300,965,1788,1000001,5147,4976,102,3862,3034,53,93333,202,3285,2764,47,450000,701,3500,2791,72,3301,2762,58
Brooklyn,DUMBO-Vinegar Hill-Downtown Brooklyn-Boerum Hill,36047006900,5450,11324,36667,55417,87479,3,16,40,58,68,5450,20500,69.25640914,382900,897,1845,952400,4043.99997599004,3491.99997926736,433,3394.99997984327,1204,168,64999.9996140832,184.999998901621,3131.99998140475,1571.99999066675,214,259999.998456333,621.999996307073,3340,1837,210,3537,2443,143
Brooklyn,Sunset Park West,36047007400,0,8780,24859,35893,30805,1,2,10,9,9,6207.07085,22500,83.47150654,237300,687,877,611600,4804,4643,41,4392,779,22,40000,198,4718,569,123,216700,457,5330,320,108,5451,353,80
Brooklyn,Sunset Park West,36047007600,0,10290,20725,31573,37911,5,10,18,12,26,5647.435993,15250,78.35821011,228200,594,1007,650000,4066.99996969849,3838.99997139722,144,3593.99997322261,797,37,31499.9997653067,186.999998606741,3595.99997320771,546.999995924532,98,212499.998416752,442.999996699393,4440,419,81,4412,421,77
Brooklyn,Sunset Park West,36047007800,0,8504,22563,27750,34542,3,4,12,8,13,5706.896595,16250,80.67500533,216600,597,1055,576300,4680.99996512383,4498.99996647984,54,4468.99996670336,582,75,32499.9997578561,191.999998569489,4947.99996313453,479.999996423721,238,214599.998401105,442.999996699393,5018,316,187,5068,319,172
Brooklyn,Sunset Park West,36047008000,0,9195,21174,26902,27703,3,2,9,10,22,6661.111048,20000,80.36000489,189600,613,605,596100,3665.0000034133,3372.00000314042,91,3489.00000324938,618,21,27500.0000256114,193.000000179745,3760.00000350177,594.000000553206,105,201600.000187755,412.000000383705,4360,321,149,4169,435,93
Brooklyn,Sunset Park East,36047009800,0,9641,22281,28594,35821,2,2,13,7,9,7488.372168,18125,81.10063455,240800,628,852,646700,4568,4455,31,4690,1273,61,36500,194,4996,729,178,181300,461,6121,493,98,7024,380,106
Brooklyn,Sunset Park West,36047010100,0,10030,21487,30788,50513,2,3,6,11,29,7092.307466,16102.94205,68.27127762,201900,661,1033,572600,3774.0000606305,3687.00005923281,49,3055.00004907954,1772,73,31522.0005064108,157.000002522254,3252.0000522444,1222.00001963181,135,158100.002539926,400.000006426126,4095,948,152,4093,1055,145
Brooklyn,Sunset Park East,36047010200,0,13429,29265,29485,37704,6,10,17,9,12,8368.055783,18333.33333,82.35507158,245100,669,999,611300,3823.99995281175,3779.99995335471,4,3488.99995694566,2282,24,39166.9995166783,191.999997630715,3684.99995452701,1616.99998004618,38,174999.997840496,458.999994335929,4616,942,60,5622,513,64
Brooklyn,Sunset Park East,36047010400,0,12917,25541,24574,25625,3,7,10,11,15,7074.073984,21875,79.11330167,277500,662,914,671700,4002,3904,6,3948,2703,5,55769,175,4606,1807,27,209600,476,5530,948,50,5908,478,81
Brooklyn,Sunset Park East,36047010800,0,10495,27857,28844,37953,2,10,10,14,20,8021.126794,20480.76901,82.66870601,217800,610,910,615700,3579,3550,7,3454,2265,13,39000,176,3983,1582,126,161500,439,4773,962,59,5280,589,50
Brooklyn,Sunset Park East,36047011000,0,11734,22222,30786,37083,3,3,6,13,12,7160.714223,,74.09090831,206900,707,979,581800,1881,1863,2,1731,1129,9,35000,175,1714,697,40,225000,437,2017,349,70,2441,441,52
Brooklyn,Borough Park,36047011400,0,11096,28370,35107,40779,13,15,20,27,22,8567.164397,21785.71475,89.61538637,357400,549,831,917300,3841.00003107701,3623.0000293132,115,4204.000034014,3121,183,49000.0003964524,202.000001634355,4293.00003473408,2990.00002419169,162,216700.00175329,419.000003390072,4116,2496,186,3976,2259,205
Brooklyn,Park Slope-Gowanus,36047012100,0,11643,26514,36343,54336,1,4,16,19,46,6033.333457,10833.33333,74.0340884,203400,757,1216,654100,2243.99997074157,2100.99997260608,93,1580.99997938611,720,48,27999.9996349216,158.999997926876,1601.9999791123,599.99999217689,90,141299.998157658,475.999993793666,1796,521,153,1619,836,104
Brooklyn,Dyker Heights,36047012801,0,17847,31133,40341,54688,8,9,12,17,21,9551.724729,26842.10417,100.3773595,243300,684,1080,579300,1661.00001856312,1645.00001838431,1,1505.00001681969,1410,0,55735.0006228872,216.000002413988,1487.00001661852,1153.00001288578,2,202800.002266467,450.000005029142,2006,951,11,2117,684,27
Brooklyn,Bay Ridge,36047013000,0,12590,25600,36496,46037,7,9,21,24,32,8679.104381,24537.03704,83.53982585,260000,679,1024,644800,4678.00006099418,4669.00006087683,2,4262.00005557016,3669,5,55312.0007211864,200.000002607703,4195.00005469657,3192.00004161894,38,210700.002747215,443.000005776063,4733,2644,45,4792,2532,111
Brooklyn,Dyker Heights,36047013200,0,16796,31437,34375,36007,3,9,13,22,12,9578.947034,23947.36973,83.36364066,253900,700,1064,657000,1908.00000710785,1895.00000705943,2,1877.00000699237,1756,0,48810.0001818314,207.000000771135,1802.00000671297,1498.00000558048,6,209800.000781566,520.000001937151,2165,1275,12,2239,1048,21
Brooklyn,Park Slope-Gowanus,36047013300,0,10761,31795,57885,88851,3,20,42,59,67,5890.909262,20416.66667,68.76837737,369400,884,1744,1000001,5256,4482,580,3787,1669,542,57941,181,3378,1837,457,290000,510,3667,2138,411,3730,2509,297
Brooklyn,Bay Ridge,36047013600,0,16686,33281,42500,61534,8,18,23,30,51,9477.272076,27155.9632,85.97014968,286900,719,1119,619100,4112.99992338941,4081.99992396683,18,3878.99992774799,3626,3,62773.9988307431,208.999996107072,3633.99993231148,3189.99994058162,9,244199.995451421,502.999990630895,3924,2797,29,3927,2662,50
Brooklyn,Park Slope-Gowanus,36047013700,0,11053,37588,57042,76058,1,14,37,50,44,6788.135961,17777.77757,72.83897895,372800,842,1247,960500,3862.00002877414,3551.00002645701,161,3431.00002556294,1824,320,53000.0003948808,165.000001229346,3145.00002343208,1733.00001291186,326,247700.001845509,512.000003814697,2972,1677,251,3057,1949,298
Brooklyn,Park Slope-Gowanus,36047013900,0,13147,30111,42361,60659,6,10,27,47,63,6972.222047,15760.86873,74.91712756,332600,742,1395,1000001,4307,4023,197,3845,2078,335,32656,183,3574,1728,448,226000,446,3832,1875,497,3481,2188,367
Brooklyn,Park Slope-Gowanus,36047015100,0,11027,42284,66815,106955,4,18,53,71,73,5614.285769,17115.38462,74.85915512,431900,1059,1732,1000001,4143.00006173551,3970.00005915761,41,3493.00005204976,1931,140,45833.0006829649,196.000002920628,3417.00005091727,2293.00003416836,247,279700.004167855,664.000009894371,3390,2347,213,3578,2701,156
Brooklyn,Park Slope-Gowanus,36047015300,0,17826,44844,66809,102295,13,41,62,71,81,8352.17368,20104.16617,88.56382511,568000,917,1666,1000001,4562.99994050525,3938.99994864129,422,3251.99995759875,2157,301,59749.9992209487,220.999997118488,3201.99995825067,2199.99997131526,251,354699.995375238,621.999991890043,2955,2102,173,3041,2160,307
Brooklyn,Park Slope-Gowanus,36047015500,0,15531,45616,63073,102480,12,39,63,69,83,7741.379491,41160.71382,84.1709802,533500,1016,1745,1000001,4566.9999659732,3543.99997359514,870,3736.99997215718,2440,644,95624.9992875382,214.999998398125,3367.99997490644,2515.99998125434,374,462499.996554106,566.999995775521,3312,2481,304,3272,2564,172
Brooklyn,Park Slope-Gowanus,36047015700,0,15675,46630,68787,113924,19,48,66,75,81,6656.25,33125,91.08333611,362900,989,1794,1000001,5444.00004056096,4443.00003310293,762,4168.00003105402,3005,527,116667.000869237,242.000001803041,4373.00003258139,3402.00002534688,421,491700.00366345,645.000004805624,4143,3197,355,4135,3223,233
Brooklyn,Park Slope-Gowanus,36047016500,0,20195,48568,77871,116341,30,55,69,79,85,8449.49486,46305.96761,106.3492088,401300,935,1430,836000,5579,5355,168,4936,4398,155,132222,252,4985,4362,195,500001,623,4847,3997,258,5141,4223,230
Brooklyn,Bath Beach,36047017000,0,17888,32917,47569,59643,3,5,14,26,21,9695.652074,29565.21591,110.1666644,289900,640,918,709700,3351.00003745034,3341.00003733858,0,2881.00003219768,2809,3,62500.0006984919,221.000002469867,2567.00002868846,2401.00002683327,2,235400.0026308,529.000005912036,2882,2181,9,3254,1829,16
Brooklyn,Bath Beach,36047017200,0,16616,34115,34617,46250,4,4,13,18,22,10041.95843,28139.5343,101.779664,292500,651,872,663900,3050.00007101335,3045.00007089693,2,2843.00006619375,2763,0,61691.0014363555,211.000004912727,2507.00005837064,2305.00005366746,3,230300.00536209,490.000011408702,2892,2024,1,2931,1583,18
Brooklyn,Bath Beach,36047017800,7700,10355,27500,31652,52327,3,4,8,19,12,7700,21562.5,75.99099256,331100,657,1013,631600,2235.00001665205,2084.00001552701,144,2169.00001616031,1933,86,50882.0003791004,183.000001363456,1992.00001484156,1512.00001126528,38,196900.001467019,437.000003255904,2579,1449,19,2898,1185,24
Brooklyn,Bensonhurst West,36047018600,0,14477,27188,37667,45417,4,6,13,17,24,7977.273019,26842.10526,95.39473531,286000,712,788,629200,2149,2148,0,1825,1780,0,62458,213,1663,1573,2,233300,503,1848,1379,2,2124,1072,28
Brooklyn,Bensonhurst West,36047018800,0,15199,32384,38512,72530,3,8,10,19,20,10537.73666,27948.71788,96.07142642,273800,763,1058,697700,2875,2867,1,2468,2415,0,59911,223,2213,2034,0,225000,522,2615,1908,3,2640,1482,16
Brooklyn,Bensonhurst West,36047019000,0,12908,23880,30786,36913,3,6,9,14,23,7993.750229,23125,74.3548374,275000,635,896,663500,3840.00001430511,3816.00001421571,10,3484.00001297891,3287,7,57826.0002154186,180.000000670552,3582.00001334399,2759.00001027808,2,273200.001017749,461.000001717359,4595,2311,25,4782,1669,52
Brooklyn,Borough Park,36047019200,6875,14081,29667,33839,37120,5,4,14,16,12,6875,26666.66667,79.125,333300,684,929,636900,2337.00004570652,2325.00004547182,4,1972.00003856793,1791,0,47500.0009289943,182.000003559515,1787.00003494974,1359.00002657902,6,201900.003948715,455.000008898787,2320,1245,21,2772,1437,28
Brooklyn,Dyker Heights,36047019400,0,12160,21385,32500,32327,6,12,6,16,19,7296.296533,18333.33399,74.78260754,278900,651,932,575000,2566.0000316645,2376.0000293199,96,2436.0000300603,2209,0,46500.0005738111,181.000002233544,2187.00002698763,1519.0000187445,0,225000.002776505,456.000005627051,3070,1287,9,3305,982,26
Brooklyn,Clinton Hill,36047019500,0,13080,33897,42587,50938,22,26,35,44,51,6282.609,27857.14286,103.9906093,161000,673,1031,389800,4370.99991858378,2516.99995311722,1733,3857.99992813915,1088,2205,59999.9988824129,231.999995678663,4030.99992491677,838.999984372407,2435,289999.994598329,455.999991506338,3821,775,2188,3366,1320,1341
Brooklyn,Dyker Heights,36047019600,0,11622,27331,36092,43421,2,6,13,14,15,8011.765094,24218.75,81.64233507,292800,690,1016,682600,4000.00005960464,3987.00005941093,2,3577.00005330145,3492,0,49474.00073722,180.000002682209,3232.00004816055,2883.00004296005,7,195300.002910197,452.000006735325,3849,2374,23,4353,1969,28
Brooklyn,Clinton Hill,36047019700,0,13236,33234,48885,69089,20,27,48,52,59,6223.880454,21590.90865,118.2407351,195400,813,1253,462100,3145.99999560509,1280.99999821046,1711,3525.99999507423,853,2320,55155.999922948,244.999999657739,3612.9999949527,749.999998952262,2441,243199.999660254,493.99999930989,3577,751,2235,3313,1355,1395
Brooklyn,Dyker Heights,36047019800,0,15096,32800,43527,34653,2,5,17,26,20,9372.092982,24621.21266,92.39130632,310800,718,980,637800,1971,1962,1,1830,1813,0,62923,225,1699,1619,1,220200,529,1710,1485,8,1702,1141,10
Brooklyn,Dyker Heights,36047020400,0,21383,48403,52321,66757,8,19,22,25,24,11904.76178,29222.22328,119.2105216,285600,836,1007,646000,2374.00003537536,2362.00003519654,1,2012.00002998114,1970,0,65510.0009761751,237.000003531575,1768.00002634525,1724.0000256896,0,241200.00359416,560.00000834465,1960,1769,5,1708,1382,10
Brooklyn,Dyker Heights,36047020800,0,17440,32097,46544,48469,4,5,15,26,19,9939.024557,28472.22338,91.28571429,288200,759,915,641500,2868,2857,0,2775,2689,1,59878,206,2424,2192,0,212500,502,2657,1809,12,3048,1342,22
Brooklyn,Dyker Heights,36047021000,9420,14416,26964,33333,53586,3,5,15,18,23,9420,23000,81.66666667,304000,652,934,711500,3484,3463,4,3067,2856,1,48571,188,2811,2342,4,181900,429,3307,2017,10,3968,1645,33
Brooklyn,Dyker Heights,36047021200,0,13921,23383,29179,47386,2,3,9,15,23,8695.652305,28333.33333,79.07103495,297400,594,879,714000,3574.99995338731,3554.99995364808,4,2957.99996143207,2777,6,61896.999192955,178.999997666106,2958.99996141903,2321.99996972457,16,239799.996873364,433.999994341284,3638,1526,17,4643,1217,29
Brooklyn,Borough Park,36047021400,0,14096,15945,32069,27917,2,6,3,8,11,6557.692547,20000,78.33333642,281300,591,980,632500,1712.00001873448,1706.00001866883,0,1482.00001621759,1390,0,61667.0006748245,186.000002035405,1445.00001581269,1136.00001243129,0,250000.00273576,430.000004705507,1811,1070,8,2152,1198,7
Brooklyn,Crown Heights North,36047021900,0,8685,20675,26469,30856,4,6,14,17,29,5161.458641,19843.75,89.71982477,187100,606,913,644100,4664,669,3927,3163,43,2939,46471,195,4235,32,3828,159200,406,3820,53,3432,3595,688,2410
Brooklyn,Borough Park,36047022000,0,11217,19271,24846,30914,4,8,11,11,19,7536.232231,24285.7151,89.20588154,350000,659,1043,715000,4218.999984283,4147.9999845475,16,3788.99998588488,3377,7,57499.9997857958,205.99999923259,4009.99998506159,3416.99998727068,15,234999.999124557,451.999998316169,4452,3481,26,4939,4244,55
Brooklyn,Crown Heights North,36047022100,0,8632,15492,21415,38606,4,1,7,10,33,5809.352591,16562.5,80.51401261,176200,525,959,611800,4199.00001564249,195.000000726432,3987,2830.00001054257,6,2679,44167.0001645349,178.000000663102,3650.00001359731,22.0000000819564,3271,178600.000665337,369.000001374632,3928,73,3381,3609,582,2363
Brooklyn,Borough Park,36047022200,0,13178,20336,25919,26670,6,10,7,14,21,7318.181641,28000,87.00704392,281000,696,1014,733100,3459.99994199723,3429.99994250014,12,3740.9999372866,3211,14,66666.9988824073,213.999996412545,3949.99993378296,3337.99994404241,5,249999.995809048,463.999992221594,4719,3902,68,4693,3977,24
Brooklyn,Clinton Hill,36047022700,0,6106,17695,31853,40660,3,4,9,13,43,4924.870629,23181.81892,80.09881742,196000,529,867,641900,4683.99997164495,100.999999388587,4553,2848.9999827533,11,2768,26249.9998410931,150.999999085907,3134.99998102197,38.9999997639097,2902,149999.99909196,340.999997935724,3406,89,2993,3454,516,2505
Brooklyn,Clinton Hill,36047022900,0,6644,18333,31202,51711,2,3,11,20,44,4907.801332,17187.5,77.18503573,194900,584,1066,636900,4710.00000877306,368.000000685453,4298,3374.00000628456,15,3266,36429.0000678543,165.000000307336,2960.00000551343,18.0000000335276,2798,115000.000214204,334.000000622123,3153,63,2809,3395,728,2171
Brooklyn,Clinton Hill,36047023100,0,7784,17740,35260,61020,2,9,13,30,52,5472.22238,13125,81.07142857,233300,585,1054,707100,3645,292,3328,2313,35,2147,35833,166,2490,101,2207,159400,338,2774,212,2198,3025,961,1540
Brooklyn,Clinton Hill,36047023500,0,7465,20959,21875,53125,6,3,3,6,42,5621.211826,14375,77.3509887,250000,547,1304,687500,3048.00002270937,1781.00001326948,1200,2040.00001519918,81,719,32188.0002398193,194.000001445413,2107.00001569837,69.0000005140901,708,106300.000791997,388.000002890825,1953,108,541,3928,2114,559
Brooklyn,Borough Park,36047023600,0,11042,20597,16941,31217,14,16,16,11,19,8924.418745,35937.49787,99.47598106,553600,691,1015,1000001,4550.00003390014,4525.00003371388,4,4471.00003331155,4340,17,119444.000889927,221.000001646578,4281.00003189594,4134.0000308007,13,466700.003477186,458.000003412366,5222,4887,5,5600,5249,13
Brooklyn,Borough Park,36047023800,0,15106,16987,23393,34123,11,16,12,12,24,8095.744856,32727.27358,103.8053102,473800,706,972,755500,4194.99996874481,4170.99996892363,10,3926.99997074157,3812,3,79999.9994039536,231.999998271465,4084.99996956438,3906.99997089058,6,388899.997102469,472.999996475875,4470,4107,12,4590,4367,7
Brooklyn,Borough Park,36047024000,0,13931,24923,27930,36769,6,15,11,21,21,8151.041845,32500,92.46621883,417500,678,860,717800,4387.00006128568,4340.0000606291,18,4281.00005980488,3981,15,86667.001210724,210.000002933666,4071.00005687121,3763.0000525685,13,400000.005587935,445.000006216578,4634,4316,14,4693,4378,39
Brooklyn,Borough Park,36047024200,0,14457,33056,29632,42054,5,12,13,12,22,9081.52161,23750,97.04545853,296900,763,1003,788800,2641.99999261834,2632.99999264348,0,2579.99999279156,2448,1,72894.9997963337,213.999999402091,2464.99999311287,2220.9999937946,12,274999.999231659,504.999998589046,2808,2449,6,2984,2624,5
Brooklyn,Bedford,36047024500,0,5231,21817,24352,47396,1,3,14,16,33,5442.857228,16250,80.88135343,206700,526,954,631000,5530.00003347639,294.000001779757,5195,3532.0000213813,9,3412,35000.0002118759,157.000000950415,3745.00002267072,19.0000001150183,3540,98400.0005956739,343.000002076384,3555,37,3180,3946,371,3000
Brooklyn,Borough Park,36047024600,0,17960,33355,41738,47917,,6,13,19,16,10232.76588,24786.60922,101.4265044,252400,722,959,593900,3186.98230970385,3173.972398855,1,2886.22118016726,2813.75538730621,4,51679.9117435364,220.061620101699,2604.99998059124,2207.99998354912,0,202499.998491257,526.999996073544,2911,1881,2,3256,2064,25
Brooklyn,Crown Heights North,36047024700,0,6198,20595,17964,33480,2,5,11,12,20,5065.57377,15000,81.84397244,190300,488,897,509500,2274.99997457489,103.999998837709,2158,2146.99997600541,17,2068,41249.9995389953,164.999998155981,2680.99997003749,14.9999998323619,2457,124999.998603016,336.999996233732,2349,25,1990,2316,187,1736
Brooklyn,Bensonhurst West,36047024800,8675,12132,27554,35086,48176,4,7,9,18,17,8675,25543.4772,85.87209459,270200,622,953,602900,2442.00000227429,2411.00000224542,0,2210.00000205822,2081,0,57925.0000539469,206.000000191852,2083.00000193994,1642.00000152923,0,210500.000196043,459.000000427477,2448,1437,8,2698,1304,14
Brooklyn,Bedford,36047024900,0,9045,18983,28449,43869,4,8,10,17,31,5243.24326,17678.57283,82.89473631,216000,559,834,692300,5000,88,4891,3843,13,3726,34375,163,4491,15,4157,118800,343,4240,40,3954,3823,364,3005
Brooklyn,Bensonhurst West,36047025000,0,13438,19524,43717,42404,4,2,7,16,23,8937.5,26617.64629,83.83333797,274700,654,1034,545300,1526.99999222273,1520.99999225329,0,1189.99999393913,1121,2,55384.9997179148,183.999999062857,1117.99999430584,802.999995910184,5,217099.998894273,457.999997667328,1532,606,3,1722,415,25
Brooklyn,Bensonhurst West,36047025200,0,12474,23216,29470,45968,2,6,9,21,17,7379.310479,27910.44769,80.9663874,270300,656,962,626600,4320.00004827976,4275.00004777685,2,3914.00004374236,3619,3,62090.0006939098,180.000002011657,3719.00004156306,2998.00003350526,10,216700.002421811,429.000004794449,4654,2806,19,4786,2183,50
Brooklyn,Bensonhurst West,36047025400,0,15110,26883,34803,41218,3,5,12,14,24,8491.935751,23642.85748,96.21428408,247500,659,902,567500,3336.00001126248,3271.00001104304,2,3037.00001025305,2829,2,50000.0001688022,202.000000681961,2875.00000970613,2004.00000676559,1,197100.000665418,491.000001657638,3379,1651,13,3500,1259,24
Brooklyn,Bensonhurst West,36047025600,0,14756,30956,40871,35417,4,4,9,15,20,9414.633537,24375,92.5490169,250200,644,737,618900,2934.0000081975,2895.00000808854,0,2692.00000752136,2536,0,55862.0001560766,206.000000575557,2542.00000710227,1969.00000550132,7,202500.000565778,481.000001343898,2956,1658,3,3058,1196,27
Brooklyn,Bensonhurst West,36047025800,0,14125,28966,31541,38796,4,11,12,21,23,7995.495733,25526.31527,89.64789108,306800,630,945,723100,4457.00003320724,4432.00003302097,6,4100.00003054738,3777,20,57500.0004284084,202.000001505017,4114.00003065169,3175.00002365559,14,231600.001725554,483.00000359863,4329,2866,17,4597,2195,42
Brooklyn,Bensonhurst West,36047026000,0,15887,29046,31651,41759,3,5,7,12,22,8320.512766,24400,89.76414991,284100,705,984,611500,3328.99997074023,3284.99997112696,2,3079.99997292878,2982,0,49999.9995605322,207.999998171814,2765.99997568864,2396.99997893191,1,216699.998095346,490.999995684426,3463,2044,6,3649,1471,8
Brooklyn,Bensonhurst West,36047026200,0,15847,25161,38000,41633,3,7,15,14,21,9189.189787,22397.25974,80.10869502,232100,643,817,594600,2408.00002018362,2394.00002006628,8,2162.00001812167,1992,2,50000.0004190952,188.000001575798,2034.00001704879,1677.00001405645,9,199000.001667999,486.000004073605,2364,1379,2,2374,948,20
Brooklyn,Bedford,36047026300,0,8623,18971,25417,33235,3,3,6,13,13,4493.243333,10000,82.46376559,168100,500,854,605200,1973.99994484708,190.999994663522,1770,1887.99994724989,18,1744,29999.9991618097,169.999995250255,1647.99995395541,10.9999996926636,1494,168799.995283782,324.999990919605,1877,4,1634,1868,60,1413
Brooklyn,Bensonhurst West,36047026400,0,11651,24386,30525,43184,3,7,8,13,18,7942.307756,22812.5,81.35135029,247000,669,909,633700,4104.99992258265,4059.99992343131,8,3856.99992725975,3675,2,55338.9989563462,191.999996379018,3759.9999290891,3182.99993997091,13,197299.996279064,466.999991192715,4440,2609,15,4592,1975,29
Brooklyn,Bensonhurst West,36047026600,9025,15323,27321,36458,52688,3,5,9,17,21,9025,27307.69087,100.8695638,318100,752,1010,677100,3566.00002656877,3535.0000263378,2,3342.00002489984,3175,2,63594.0004738122,225.000001676381,3110.00002317131,2626.00001956522,1,231900.00172779,527.000003926456,3399,2121,20,3733,1781,12
Brooklyn,Bedford,36047026700,0,6961,24492,32971,58250,2,8,13,15,31,5285.046943,17750,81.27516698,205800,524,1083,723200,5249.99996088445,42.999999679625,5183,3954.99997053295,17,3829,39999.9997019768,164.999998770654,3955.9999705255,24.9999998137355,3749,170799.998727441,355.999997347593,4151,11,3890,3920,293,3197
Brooklyn,Bensonhurst West,36047026800,0,14006,28240,32672,47315,5,4,9,21,19,8934.425734,29230.77069,95.06578791,297800,718,999,758900,4471.99993336201,4447.99993371964,11,3968.99994085729,3748,9,61999.999076128,213.999996811152,3761.99994394183,3232.99995182455,14,257099.996168911,494.999992623925,4017,3063,19,4188,2265,36
Brooklyn,Bedford,36047026900,0,7443,21291,26905,25982,2,3,11,11,34,5631.386534,17187.5,79.77157635,211400,571,937,658700,3450.99997428805,40.9999996945262,3384,2332.9999826178,4,2259,46249.9996554106,166.999998755753,2724.99997969717,14.9999998882413,2609,135399.998991191,368.999997250736,2809,34,2555,2770,218,2222
Brooklyn,Bensonhurst West,36047027000,0,13355,30172,28380,32917,9,11,18,28,32,8195.652584,38600,94.64912604,365300,627,834,551400,2399.99996423721,2375.99996459484,21,1906.99997158349,1797,23,68124.9989848584,210.999996855855,1961.99997076392,1653.99997535348,10,276299.995882809,485.999992758036,2337,1901,10,2449,1621,20
Brooklyn,Bensonhurst West,36047027200,0,13384,22011,32356,36094,6,7,11,23,24,8976.562603,27968.74897,84.96183292,234600,677,900,697900,2557.00001905113,2536.00001889467,1,3077.00002292544,2850,5,59569.0004438236,200.000001490116,2909.00002167374,2307.00001718849,9,229800.001712143,450.000003352761,3449,2370,6,3480,1699,9
Brooklyn,Stuyvesant Heights,36047027300,4635,9325,20332,29883,40187,3,9,16,13,25,4635,15000,79.80263764,214200,519,695,649100,3288.00002105255,38.000000243308,3216,2108.00001349719,25,2021,40000.0002561137,171.000001094886,3248.00002079643,17.0000001088483,3128,177500.001136505,343.000002196175,3061,22,2833,2813,127,2448
Brooklyn,Bensonhurst West,36047027400,9590,17917,30068,40691,41375,5,6,7,16,13,9590,25833.3342,96.47059133,309500,754,847,641600,2936.0000218749,2927.00002180785,1,2566.00001911819,2519,0,55488.0004134178,212.000001579523,2406.0000179261,2190.00001631677,1,215900.00160858,499.00000371784,2885,2067,9,3028,1504,11
Brooklyn,Bensonhurst West,36047027600,0,12188,25891,30496,34450,3,4,12,19,18,7155.17268,18593.75,83.10679834,316400,659,843,711100,3118.00002323091,3077.00002292544,5,2826.00002105534,2622,0,62273.00046397,189.00000140816,2812.00002095103,2322.00001730025,4,225000.001676381,463.000003449619,3331,2153,9,3694,1547,31
Brooklyn,Bensonhurst West,36047027800,0,11814,28083,24730,39575,6,5,14,19,14,9305.969697,24000,106.0396084,274500,636,837,594700,2820.00003414229,2782.00003368221,13,2684.00003249571,2464,22,51250.0006204937,224.000002712011,2423.00002933573,1921.00002325792,24,231300.002800394,455.000005508773,2758,1935,20,3220,1711,31
Brooklyn,Stuyvesant Heights,36047027900,0,10194,19825,19551,37337,1,6,9,8,22,4525.773352,15625,83.34821429,209900,555,665,561700,5786.99991376698,351.999994754791,5416,2971.99995571375,7,2880,27999.9995827675,186.999997213483,2862.99995733798,21.9999996721745,2712,128099.998091161,381.999994307756,3791,5,3493,3674,103,3111
Brooklyn,Bensonhurst West,36047028400,0,11292,25798,30727,35354,4,5,10,27,16,8447.76087,31363.6369,86.15384437,329400,662,865,705000,3514.00002618134,3479.00002592057,28,3357.0000250116,3038,2,58684.0004372299,198.000001475215,3509.00002614409,2481.00001848489,17,234400.001746416,460.000003427267,3826,2520,19,4003,2160,31
Brooklyn,Bushwick South,36047028501,4360,5521,12772,38438,59583,0,0,12,6,16,4360,,71.78571353,0,584,1177,-999,321.000002391636,176.000001311302,114,277.000002063811,3,37,45000.0003352761,174.000001296401,670.000004991889,19.000000141561,225,0,352.000002622604,1422,101,423,428,81,79
Brooklyn,Bensonhurst West,36047028800,0,16014,26487,32171,28407,5,11,11,19,19,8563.953107,29473.68367,87.54545969,303500,671,824,655100,2923,2859,6,2834,2449,11,54615,209,3115,2016,18,210700,468,3503,1945,17,3458,1526,33
Brooklyn,Bensonhurst West,36047029000,0,12962,26229,28634,38206,7,13,21,25,19,9801.470301,33750,99.29530411,264600,706,959,757500,3580.0000666827,3522.00006560236,19,3425.0000637956,3069,34,68214.0012705848,223.000004153699,3311.00006167218,2608.00004857779,39,250000.004656613,459.000008549541,3802,2673,24,3920,2685,39
Brooklyn,Stuyvesant Heights,36047029100,0,6626,21275,26155,30669,1,1,5,10,17,4609.271516,15625,83.32417574,186600,583,880,486400,4213.0000313893,58.0000004321337,4120,2597.00001934916,5,2557,30833.0002297238,168.000001251698,2063.00001537055,3.00000002235174,1944,122900.000915676,372.000002771616,2777,3,2517,3101,88,2502
Brooklyn,Stuyvesant Heights,36047029300,0,9198,15000,22500,29922,3,3,14,11,20,5478.632353,17000,81.54321289,205400,381,618,645300,3752.00005590916,51.0000007599592,3687,3137.00004674494,6,2895,35625.0005308539,158.000002354383,3435.00005118549,7.00000010430813,3090,137500.00204891,300.000004470348,3277,14,2879,3106,56,2519
Brooklyn,Bensonhurst West,36047029600,0,12175,23680,34824,37454,5,10,14,21,20,8737.864507,28888.89,97.17262045,311800,677,939,508300,4778.99998219684,4733.99998236448,11,4576.99998294935,4246,13,63749.9997625127,216.999999191612,4646.99998268858,3740.99998606369,42,274999.998975545,446.999998334795,5343,3746,24,5546,3443,40
Brooklyn,Crown Heights North,36047029700,0,12181,22639,33333,51944,,11,0,22,40,5200.636567,19687.50048,83.15534544,249400,645,1013,686100,4002.15694280086,45.6255810083865,3912.88940429688,3802.79299100334,22.8127899169922,3667.89990234375,49107.0010107012,191.999992755953,4053.73368654947,40.6662787248662,3796.841796875,181300.003910323,423.00002284289,3349,36,3124,3344,210,2888
Brooklyn,Bensonhurst East,36047029800,0,16250,25755,32385,41229,5,8,12,21,17,8589.742972,25740.73995,89.81651261,275700,685,891,688000,3484.99998864019,3456.99998873146,1,3108.99998986581,2960,4,57825.9998115087,208.999999318738,2836.99999075243,2412.99999213452,1,224999.999266583,487.999998409301,3355,2329,7,3717,1776,47
Brooklyn,Bensonhurst East,36047030000,0,15181,26372,37750,41213,1,6,10,20,11,9454.545825,29459.4589,102.2448946,297800,702,868,608400,3525,3512,6,3272,3118,0,55526,221,3032,2435,6,203800,493,3576,2045,15,4120,1621,34
Brooklyn,Crown Heights North,36047030500,0,8873,21017,28331,51696,2,5,8,12,37,4444.879185,,77.50003029,141396.7742,588.5678842,1185,451100,6758.99994195439,1582.99998424016,5046,4288.99995814078,313,3203,24583.3331913066,182.814431216702,4316.99995611794,137.999998293817,3423,128499.998617917,364.039281976842,4777,121,3684,5549,1540,2667
Brooklyn,Crown Heights North,36047030900,4150,9260,13514,13578,38933,0,3,3,3,8,4150,15625,81.48936396,185900,374,771,88600,1184.99999613734,60.9999998011626,1120,1656.99999459879,14,1455,22856.9999254947,164.999999462161,1629.9999946868,11.9999999608845,1418,106299.999653501,312.999998979736,1593,4,1304,1754,20,1427
Brooklyn,Crown Heights North,36047031701,0,8575,18990,27007,33514,4,4,15,15,21,6384.955915,19250,90.11261145,182400,538,875,727100,4631.00006900728,303.000004515052,4292,3360.0000500679,22,3254,67368.0010038614,189.000002816319,4411.00006572902,21.0000003129244,4173,181300.002701581,373.000005558133,3673,23,3414,3433,304,2791
Brooklyn,Crown Heights South,36047032300,0,10938,22279,29747,39375,10,14,13,17,26,6238.095272,25111.11229,94.2567607,213200,521,842,653200,4453.00006635487,1172.00001746416,3222,3482.00005188584,144,2853,43977.0006553084,195.000002905726,4071.00006066263,86.0000012814999,3496,182700.002722442,382.000005692244,3763,28,3152,3554,244,2778
Brooklyn,Seagate-Coney Island,36047032600,0,6044,8588,12041,27500,2,2,3,7,8,3382.608575,16250,75.3731303,151800,355,590,365300,5574.00007916568,4490.00006376999,924,6723.00009548455,641,3680,18750.0002663,150.0000021304,8435.00011979952,616.000008748844,4605,128400.001823623,248.000003522262,7247,644,3389,6948,949,2784
Brooklyn,Prospect Lefferts Gardens-Wingate,36047032900,0,11444,29347,27454,36113,6,10,11,11,22,6824.468433,22763.15888,93.24451809,173700,580,826,510600,5450.0000609085,2579.00002882257,2808,5449.00006089732,659,3979,42885.0004792772,202.000002257526,6782.00007579476,729.00000814721,5120,174300.001947954,409.000004570931,5856,707,4268,5582,1167,3544
Brooklyn,Crown Heights South,36047033100,7160,11972,20964,26954,34005,8,14,12,17,22,7160,25625,91.61654154,270000,536,811,735800,4134.99995378777,2195.99997545779,1877,4154.99995356426,1722,2217,57499.9993573874,192.999997843057,5022.9999438636,2319.99997407198,2518,222099.997517839,398.999995540828,4725,2240,2054,4520,2681,1570
Brooklyn,Crown Heights South,36047033300,9000,12500,28115,35625,40262,10,18,16,27,26,9000,28108.10692,99.17682449,273400,671,830,626700,4238.99988156371,1316.99996320345,2802,3875.99989170581,1104,2511,58737.9983588792,204.999994272366,4890.99986334704,2307.99993551522,2352,262699.992660247,434.99998784624,4491,2391,1767,4085,2621,1250
Brooklyn,Crown Heights North,36047033700,0,10638,25274,30763,42321,8,16,22,20,33,5708.333567,30384.61524,97.48690959,265800,651,895,629900,4773.00003556162,1252.00000932813,3389,4033.00003004819,563,2930,56250.0004190952,211.000001572073,4669.00003478676,1180.00000879169,2966,196300.001462549,442.000003293157,4541,1358,2779,4105,1929,1883
Brooklyn,Crown Heights North,36047033900,0,11135,25071,37519,39955,3,9,13,16,32,6588.982849,25500,100.2807009,202400,549,782,612000,5091.00003793091,588.000004380941,4444,3796.0000282824,36,3568,55745.0004153326,213.000001586974,4809.00003582984,37.0000002756715,4482,164700.001227111,365.000002719462,4541,23,4151,4376,375,3518
Brooklyn,Crown Heights North,36047034100,0,12338,23234,30909,37892,6,8,5,14,19,6416.666667,23181.81818,103.177568,219800,553,809,528500,3211.99990427494,207.999993801117,2975,3006.99991038442,114,2783,49285.9985311627,202.999993950129,3183.99990510941,37.9999988675117,2933,184999.99448657,381.999988615513,2779,40,2528,2607,185,2160
Brooklyn,Seagate-Coney Island,36047034200,0,6789,9716,10069,19385,1,3,5,12,18,4069.148904,5625,88.3125,145800,286,483,411800,4023.0000337204,2568.00002152473,1382,7788.00006527826,1441,4576,65000.0005448237,147.00000123214,8227.00006895792,759.000006361865,4899,112100.000939611,218.000001827255,7462,1088,4028,6502,1829,2866
Brooklyn,Ocean Hill,36047036300,0,7730,8093,12212,34005,1,4,3,9,11,4239.13036,12500,81.80000549,148300,367,938,516000,7385.00008360847,851.000009634503,6501,3598.00004073436,11,3096,30000.0003396417,170.000001924636,3567.0000403834,14.0000001584995,3066,67500.0007641938,238.000002694491,3664,28,2983,4108,22,3463
Brooklyn,Ocean Hill,36047036502,0,7545,14583,26771,53648,1,2,3,6,20,5672.413779,10625,76.63043064,167100,601,1068,288800,1274.99998575076,856.999990422279,397,834.999990668148,112,226,23999.9997317791,184.999997932464,829.999990724027,61.999999307096,301,112499.998742715,383.999995708466,996,51,496,1255,48,771
Brooklyn,Homecrest,36047038800,0,13560,32977,37571,43598,6,11,18,25,24,9837.838188,27258.06391,138.3482244,269300,656,914,597800,5007.9998973906,4965.99989825115,7,3814.9999218341,3676,31,56634.9988396,253.999994795769,3393.99993046001,3193.99993455783,27,212499.995646067,480.999990144745,3804,3225,24,3841,3142,48
Brooklyn,Homecrest,36047039600,0,13446,24904,33313,41424,4,4,10,21,15,9010.869066,29404.76042,97.10000169,297000,681,818,639000,2511.00003741682,2496.0000371933,0,2045.00003047287,1967,0,58538.0008722842,208.000003099442,1853.00002761185,1767.00002633035,3,255000.003799796,447.000006660819,2030,1862,8,2126,1918,4
Brooklyn,Bushwick South,36047039700,0,6992,22423,21729,33125,1,2,4,7,14,5917.47555,16250,95.66137515,209700,600,843,581200,5193.00003869087,1470.00001095235,3645,3266.0000243336,99,2361,25000.0001862645,181.000001348555,2888.00002151728,36.0000002682209,2094,137500.001024455,396.00000295043,3237,21,2138,3389,161,1930
Brooklyn,Bushwick South,36047039900,0,6480,18962,16594,35969,2,2,8,6,11,5833.333505,21000,90.87837949,173900,552,708,433500,5312.99998020753,1615.99999397993,3607,2252.99999160692,35,1581,28499.9998938292,194.999999273568,3141.99998829514,41.9999998435378,1844,113599.999576807,341.999998725951,3777,44,2249,3823,145,1706
Brooklyn,Bushwick South,36047040100,0,7963,19815,21029,30350,1,1,6,6,21,5506.756932,18125,91.49006468,175500,602,873,469100,5603.99989561737,1402.99997386709,4052,2704.99994961545,26,1713,25832.9995188229,197.999996311963,2950.99994503334,19.999999627471,1775,99999.9981373549,412.999992307276,3157,33,1864,3518,149,1685
Brooklyn,Bensonhurst East,36047040400,0,18494,24236,39028,61705,1,5,10,19,12,10056.07542,26666.66667,95.25640625,300700,702,902,752400,2262.99999473104,2254.99999474967,2,2088.99999513617,2023,3,58332.9998641829,214.999999499414,1905.99999556225,1695.99999605119,0,218399.999491498,489.99999885913,2109,1435,4,2551,1165,7
Brooklyn,Bensonhurst East,36047040600,0,13934,31211,31828,51080,2,6,9,22,20,8112.903061,26621.62128,86.59999768,291700,626,838,627700,3388,3373,5,2800,2695,1,49444,195,2656,2313,7,204800,451,3089,2022,7,3184,1468,24
Brooklyn,Bensonhurst East,36047040800,0,12439,29634,33850,37500,1,4,10,19,20,8216.666667,21875,102.243594,229600,712,1002,566200,3072,3063,0,2769,2696,6,46400,220,2614,2250,6,185400,505,2921,1816,7,3566,1335,32
Brooklyn,Bushwick South,36047041300,0,6816,17216,22654,40000,3,1,4,8,11,5694.805101,20000,91.31034957,164300,680,985,614800,5674.00006341189,1956.00002186,3618,3192.00003567338,38,2122,27500.0003073365,199.000002223998,3428.00003831089,21.0000002346933,1920,95800.0010706484,426.000004760921,3249,28,1800,3822,69,1613
Brooklyn,Homecrest,36047041401,0,13663,26538,37143,49226,6,13,13,15,23,10759.49359,39736.84264,136.4361766,285300,606,780,530300,1692.00003151596,1675.00003119931,7,1371.00002553687,1287,1,74375.0013853423,228.000004246831,1443.00002687797,1276.00002376735,3,328600.006120652,379.000007059425,1390,1173,25,1351,1126,16
Brooklyn,Bushwick South,36047041500,0,7489,18536,25983,32589,1,3,10,10,17,5391.509236,17000,90.93167917,182800,623,996,479500,6082,2418,3545,2839,16,1745,26875,200,3091,20,1746,148200,431,3638,20,2048,4064,88,1631
Brooklyn,Bushwick South,36047041700,0,5775,8662,16394,30151,0,5,4,5,10,4743.315289,12500,82.16912357,214500,402,629,607900,4962.99992604554,3226.99995191395,1657,1842.99997253716,67,675,19166.9997143894,177.999997347593,3059.99995440245,47.9999992847443,707,124999.998137355,290.999995663762,3197,51,1022,3609,116,821
Brooklyn,Homecrest,36047041800,0,12143,26436,27778,30159,7,18,20,22,23,8175.438165,32200,90.85366195,310700,638,866,456300,2661.99998016655,2626.99998042732,9,2610.99998054653,2377,6,68552.9994892403,196.999998532236,2507.99998131394,2023.99998492002,4,269199.997994304,433.999996766448,2527,2017,5,2359,1949,30
Brooklyn,Bushwick South,36047041900,0,7390,18796,22788,32523,1,1,4,7,8,5291.666401,18750,72.14286014,197000,463,677,525600,6248.99995344132,4871.99996370077,1212,2133.99998410046,96,626,20832.9998447821,181.999998643994,3839.99997138977,70.9999994710088,847,99999.9992549419,319.999997615814,3908,56,868,3770,151,751
Brooklyn,Homecrest,36047042000,0,14214,33984,44904,47542,5,13,26,22,31,9017.241176,24680.85206,93.75,272600,804,1138,753800,1708.00000874884,1679.0000086003,5,1886.00000966061,1791,4,55956.000286622,222.000001137145,1997.00001022918,1781.00000912277,9,230400.001180172,521.000002668705,2256,1917,26,1896,1614,15
Brooklyn,Bushwick South,36047042100,0,7621,12109,19767,40464,3,6,2,10,13,5533.333333,14166.66667,77.4615393,182100,538,1003,516000,5832.0000278363,3891.00001857185,1661,2635.00001257693,139,461,17500.000083528,171.000000816188,3154.00001505413,58.0000002768356,580,114600.000546989,359.000001713517,3481,60,677,3920,345,588
Brooklyn,Bensonhurst East,36047042600,0,13520,26695,30477,42094,5,7,10,19,20,8905.405138,23064.51536,83.69427083,270300,643,900,561900,3492.99996330086,3464.99996359504,10,3265.99996568583,2958,4,53313.9994398574,187.999998024781,3540.99996279654,2491.99997381784,6,199999.997898703,454.99999521955,3823,2300,13,4135,1937,28
Brooklyn,Bushwick North,36047042700,0,5036,11584,19297,38952,3,1,2,4,12,5596.428932,10937.5,62.69480345,208000,542,891,451600,6110.99998826167,5708.99998903385,301,4973.99999044568,492,92,27499.9999471765,172.999999667692,5688.99998907227,154.999999702268,290,162499.999687861,383.999999262393,5599,106,308,5074,820,277
Brooklyn,Bensonhurst East,36047042800,0,17145,27067,31667,39879,7,12,15,29,26,10319.67164,24226.19075,97.05298057,234700,663,977,579100,3549.99994586105,3537.99994604406,1,3311.99994949065,3095,31,53287.9991873363,203.999996888917,3213.99995098519,2575.99996071495,34,212499.996759288,436.999993335572,3655,2674,18,3857,2594,53
Brooklyn,Bushwick North,36047042900,0,4873,13975,16431,30813,1,1,5,4,7,5470.874013,,61.61214977,140600,572,890,184700,4851,4758,54,5127,1403,47,22500,172,5880,385,160,137500,394,5829,189,247,5630,598,244
Brooklyn,Bensonhurst East,36047043000,0,9974,21458,27260,41397,5,6,14,19,23,8407.608821,23194.44619,88.28054243,261300,648,889,786100,3309.99997533858,3273.9999756068,16,2871.99997860193,2570,5,49582.9996305779,195.999998539686,2945.99997805059,2222.99998343736,10,192499.998565763,426.999996818602,3291,2238,16,3333,1911,17
Brooklyn,Bushwick North,36047043100,0,5810,13140,20960,27798,1,1,4,4,10,5643.442478,11875,63.76430192,233700,571,941,533700,6054.00006554439,5770.00006246963,208,4980.00005391659,1544,47,25625.0002774323,168.000001818873,5395.00005840964,457.000004947768,224,125000.001353328,388.00000420073,5276,255,193,5113,572,197
Brooklyn,Bensonhurst East,36047043200,0,12903,26318,28631,30957,3,8,14,23,26,7343.283748,23263.88852,81.62087735,232400,633,885,472500,3473.00002587587,3403.00002535433,6,3170.00002361834,2435,8,46061.0003431812,177.000001318753,3568.00002658367,2180.00001624227,20,188400.001403689,423.000003151596,3860,2088,24,4250,1830,46
Brooklyn,Bushwick North,36047043300,0,5703,15977,15900,26667,1,1,1,4,9,4579.545249,13125,75.51932299,199000,503,757,544000,7489.99997209758,5682.99997882918,1349,3287.99998775125,263,624,62499.9997671694,183.999999314547,3402.99998732284,80.9999996982515,545,93799.9996505678,357.999998666346,3668,57,543,4064,147,442
Brooklyn,Bensonhurst East,36047043400,0,12886,29199,29107,43804,7,8,12,28,31,8791.139429,25784.31488,87.09375,271000,637,1012,588200,3029.99996613711,2989.99996658415,11,2895.99996763468,2557,22,54782.9993877523,195.999997809529,2967.99996683002,2232.99997504428,26,203899.99772124,416.999995339662,3529,2290,22,3433,1957,39
Brooklyn,Bushwick North,36047043500,0,6317,17601,22056,30925,1,2,6,9,8,6088.235322,21250,89.38679306,176900,625,1113,547100,5502.99997949973,3646.99998641387,1707,4326.99998388067,220,1161,34999.9998696148,196.999999266118,4135.9999845922,63.9999997615814,1079,131299.999510869,443.999998345971,4494,45,1149,4463,168,873
Brooklyn,Bensonhurst East,36047043600,0,11543,21598,28036,32188,4,7,11,24,30,8109.374598,24285.71429,86.09170673,306100,656,942,658500,3924.99998537824,3834.99998571351,19,3559.99998673797,3106,23,59374.9997788109,192.999999281019,3787.9999858886,2633.99999018759,18,217899.999188259,464.99999826774,4020,2783,18,4160,2399,41
Brooklyn,Bushwick North,36047043700,0,8585,18411,24488,31705,2,6,6,5,23,5653.22536,,83.65671859,182100,598,955,560600,4084.99995363323,2804.99996816186,1080,4893.99994445068,234,1363,44999.9994892278,201.9999977072,5102.99994207843,94.9999989217031,1621,164299.998135114,409.999995346298,5027,54,1435,5240,435,1361
Brooklyn,Bushwick North,36047043900,0,8871,24702,28092,37156,3,3,7,4,16,6438.356095,15000,76.77914365,182500,666,931,578500,3190.0000074273,2740.00000637956,418,3811.00000887318,585,527,31667.0000737305,190.000000442378,3825.00000890577,191.000000444707,590,152100.000354135,444.000001033768,3778,69,572,3829,182,466
Brooklyn,Ocean Parkway South,36047044000,0,18631,37456,30675,60958,6,14,22,19,37,9822.034221,27826.08794,101.5328416,350800,680,1024,717200,3087.00002299994,3068.00002285838,8,2722.00002028048,2598,6,60545.0004510954,223.000001661479,2500.00001862645,2213.00001648813,9,258100.001922995,493.000003673136,2726,2361,2,2880,2370,5
Brooklyn,Bushwick North,36047044100,0,6904,16183,22904,36299,2,5,7,7,13,6330.768889,20625,69.98233216,206300,593,947,481300,4761.00003547221,4290.00003196299,426,4193.00003124028,1933,22,23750.0001769513,167.000001244247,5280.00003933907,772.000005751848,108,23300.0001735985,416.000003099442,5630,449,238,5643,510,193
Brooklyn,Ocean Parkway South,36047044200,0,16406,40800,26912,50733,13,20,25,30,29,10351.6482,26571.42775,119.625,388800,762,1171,653300,2864.00002133846,2849.0000212267,6,2674.00001992285,2511,12,60952.0004541278,247.000001840293,2675.0000199303,2431.00001811236,16,250000.001862645,495.000003688037,2739,2451,14,2658,2379,8
Brooklyn,Bushwick North,36047044300,0,8729,20148,27965,44198,4,5,9,14,13,6962.121402,,67.68170186,184900,617,954,507700,5123.99988546968,4955.99988922477,38,6223.99986088276,3073,655,30832.9993108287,158.999996446073,5477.99987755716,1455.99996745586,307,54999.9987706542,405.999990925193,5210,520,119,5557,668,151
Brooklyn,Ocean Parkway South,36047044400,0,15417,29848,30693,42130,9,24,23,34,28,9106.557673,24500,105.7954554,305600,707,988,576800,3537.99999340996,3471.9999935329,18,3207.99999402463,2978,3,54810.9998979066,230.999999569729,3006.99999439903,2648.99999506585,21,233299.999565445,494.999999077991,3201,2744,14,3336,2777,50
Brooklyn,Borough Park,36047044600,0,14545,32017,38698,48618,,12,0,23,42,8945.946208,27222.22301,97.76595775,312100,674,991,490800,1636.69067070403,1633.6948976643,.998591005802155,1715.57936075016,1620.71325683594,0,58399.9987001611,210.999996157121,1541.82452444601,1249.23735756604,2.99577307701111,217200.004815763,490.999981137986,1819,1171,17,1909,955,31
Brooklyn,Ocean Parkway South,36047045200,0,21705,35190,45644,59392,15,29,35,39,38,12266.35611,31129.03299,135.4545467,358300,749,1161,752000,2887.00006452948,2876.00006428361,3,2695.00006023794,2587,9,66901.0014953539,265.000005923212,2537.00005670637,2438.00005449355,3,273600.006115437,528.00001180172,2817,2667,13,2701,2549,29
Brooklyn,Ocean Parkway South,36047045400,0,15188,26250,45735,65318,9,25,34,35,34,8970.587838,26555.55415,86.90475946,309700,648,1042,576300,1944.00000724196,1928.00000718236,7,1869.00000696257,1684,5,60645.0002259202,202.000000752509,1812.00000675023,1592.00000593066,5,225000.00083819,511.000001903623,2110,1737,13,1852,1518,22
Brooklyn,Midwood,36047045600,0,13214,27717,34076,24722,18,28,32,33,52,8734.374814,42050,98.33334043,400000,712,989,805900,2388,2356,3,2108,1986,5,78800,219,1919,1772,17,435700,445,2330,2007,22,2357,1765,41
Brooklyn,Flatbush,36047046000,0,12519,29603,35083,53654,15,26,32,32,40,9195.468498,31116.83456,112.3722487,251988.8889,659.7142857,948,548500,3106.00002120063,3075.00002099574,10,2683.00001810864,2321,78,58808.770734299,224.6568532861,3291.00002230331,2241.00001511723,272,221764.15219787,435.086959664102,3668,2092,233,3729,1906,218
Brooklyn,Borough Park,36047046400,0,12278,30714,35741,50125,5,8,16,16,21,8592.105223,22525.50978,77.80220015,271000,724,1186,623800,2291.00000746781,2277.00000742218,6,2198.00000716466,1789,8,45361.00014786,166.000000541098,1922.00000626501,1652.00000538491,19,206400.000672787,494.000001610257,2537,2227,7,2838,2570,34
Brooklyn,Borough Park,36047047000,0,15212,23625,42663,46622,,14,12,17,34,9740.331099,24241.1464,93.44955388,408600,645,1234,676500,2723.43459171539,2710.08592464256,2.22130680084229,2466.64330981785,2376.87479019165,3.17070055007935,62069.9354508103,218.665434690932,2347.00001092907,2253.00001049135,4,237900.001107808,472.000002197921,3020,2828,2,2886,2811,4
Brooklyn,Borough Park,36047047200,0,11360,26742,26953,60500,,19,19,34,19,7509.615023,27874.99811,78.884902,390200,867,1341,875700,3510.56563493075,3412.9142959897,50.7786979675293,3311.35690349101,2323.12524414063,131.829315185547,74428.9993008606,186.999997053504,2597.00000967458,2490.00000927597,4,295800.001101941,569.00000211969,2969,2802,20,3141,3067,26
Brooklyn,Borough Park,36047047400,9500,15401,25404,32606,48611,10,16,16,22,22,9500,26578.94663,114.1237139,404900,680,1113,761300,3102.99996532127,3060.99996579066,9,3154.99996474013,3042,1,73999.9991729856,230.999997418374,2834.99996831641,2765.99996908754,1,308799.996548891,491.999994501472,2983,2849,2,2969,2906,5
Brooklyn,Borough Park,36047047600,8340,12656,29936,27917,27153,7,18,19,23,24,8340,28220.33898,102.8301816,339700,603,1026,690000,3534.99995061662,3505.99995102175,1,3497.9999511335,3297,12,67033.9990635458,215.999996982515,3292.99995399732,3039.99995753169,13,260299.996363651,458.999993587844,3794,3522,12,3646,3351,23
Brooklyn,East Williamsburg,36047048100,0,8901,18590,21625,65673,2,5,4,22,44,6785.714625,18250,54.18859715,231900,564,992,551500,2760,2695,57,2165,1395,19,27917,138,2603,1202,44,132500,330,2772,1033,46,2778,1511,52
Brooklyn,East Williamsburg,36047049500,0,9343,19446,28750,61771,1,6,14,25,47,6553.846026,11406.25,62.19444168,182400,634,1171,558300,2664.99999503605,2606.99999514408,27,2369.99999558553,1385,26,30624.9999429565,155.999999709427,2586.99999518134,1058.99999802746,31,110699.999793805,390.999999271706,2727,1067,58,2603,1515,43
Brooklyn,Greenpoint,36047049900,0,12141,28929,32014,46786,2,4,16,23,32,9158.333333,14166.66667,61.43356658,277300,622,816,865300,2025.00003755649,2007.00003722266,3,1547.00002869131,1333,1,24375.0004520689,148.00000274487,1766.00003275297,1473.00002731887,14,137500.002550132,361.000006695256,1649,1387,2,1753,1385,28
Brooklyn,East Williamsburg,36047050300,0,10863,25691,36042,63578,3,4,8,24,45,7321.428801,13750,64.86425201,174000,616,1377,929200,3135.00003503636,2808.00003138185,248,2870.00003207475,1691,11,31000.000346452,152.000001698732,3002.00003354996,1495.00001670793,36,152800.001707673,370.000004135072,2735,1390,38,2582,1622,47
Brooklyn,East Williamsburg,36047050500,0,7113,11532,22000,21680,3,4,6,12,30,4887.850709,,70.96774026,231100,439,810,485000,5077.00002836995,3882.00002169237,1035,3934.00002198294,364,847,13750.0000768341,139.000000776723,4430.00002475455,212.000001184642,922,275000.001536682,288.000001609325,4211,421,654,4163,829,676
Brooklyn,Flatbush,36047050801,0,10034,24326,25435,29272,,12,0,,12,7951.690576,26249.99812,97.02797019,153599.994,634.9999993,1020,-999,3088.87452668464,2954.08613739628,76.9325866699219,3911.67789609917,395.295867919922,2323.6142578125,50000.0012491062,225.999994590665,4496.80336328829,123.842696422711,3137.34838867188,168800.000404011,454.999979985086,4342.00020611286,80.6853942871094,3142.03955078125,4080,136,2913
Brooklyn,Flatbush,36047051001,0,9749,26090,24271,45417,,9,0,,16,7687.500021,30263.15584,98.65099671,202500.0021,615.9999898,860,-999,2785.55311813578,2667.87113790028,90.8422317504883,3418.14537680522,355.110534667969,2200.859375,58400.0015566771,224.00000473766,4049.49887778796,109.010676428676,3083.26782226563,223500.005957489,450.999996297634,3828.99995774031,50.7890663146973,3044.45336914063,3926,168,3057
Brooklyn,Flatbush,36047051400,0,12046,30216,32103,38977,15,16,14,17,17,8869.718928,38970.59091,115.5483813,278200,671,956,266200,5458.99990848638,5348.9999103304,58,5973.99989985302,1779,2700,63713.9989319108,234.999996060506,8086.9998644311,760.999987242743,4770,269399.995483831,470.999992104247,7692,397,4796,7366,752,3887
Brooklyn,Flatbush,36047051601,0,10000,21887,25148,32760,,10,0,,8,8237.838178,23166.66399,94.87374187,169799.9982,624.9999847,921,500000,4391.13573457766,4027.45095676929,279.493194580078,5100.17786832061,461.049194335938,3644.86596679688,45000.001865481,226.000004314344,6371.07002888247,245.129267562181,5117.35986328125,178400.001021647,460.000013624264,5586.99980288744,112.25545501709,4621.9462890625,5732,183,4167
Brooklyn,Flatbush,36047051602,0,10000,21887,25148,39721,,10,0,,18,8237.838339,23166.66596,94.87373672,169800.0076,624.9999769,913,443800,3275.86428684369,3004.54906287789,208.506820678711,3804.82215655968,343.950805664063,2719.13403320313,44999.9977936757,225.99999569468,4752.93000219762,182.870733633637,3817.64013671875,178399.999797116,459.999984745349,4167.99990639091,83.7445373535156,3448.05322265625,4028,200,2892
Brooklyn,North Side-South Side,36047051700,5875,8909,30880,48542,73021,2,5,25,49,68,5875,,54.21875,260000,735,1146,797200,1651.99999038409,1620.99999056454,14,1270.99999260181,1008,5,32499.9998108251,117.99999931315,1355.99999210704,1072.99999375432,12,162499.999054126,306.999998213025,1514,1086,19,1735,1338,18
Brooklyn,Flatbush,36047051800,0,17109,32957,40833,50500,21,31,29,32,33,12035.15611,50288.45882,128.3798889,291200,679,852,341700,2920.00002719462,2825.00002630986,40,3302.00003075227,1581,982,78448.0007306039,252.000002346933,4025.00003748573,1183.00001101755,1817,355900.003314577,481.000004479662,3678,620,2104,3415,791,1692
Brooklyn,Flatbush,36047052000,9140,11979,32831,34677,47639,14,23,22,24,36,9140,33571.42946,94.375,288400,660,937,740900,3653.0000085053,3448.000008028,50,3677.00000856118,1989,486,63373.0001475518,212.000000493601,3909.00000910135,1344.00000312924,926,261900.000609783,432.000001005828,4399,847,1454,4228,955,985
Brooklyn,Flatbush,36047052600,0,14144,25308,34881,56220,14,22,31,27,47,10840.23611,35909.09067,99.9428541,278300,642,1003,590600,3904.99994908459,3799.99995045364,13,3692.99995184876,2449,393,62446.9991857838,219.999997131526,4244.9999446515,2062.99997310154,825,289799.996221438,441.999994236976,4515,1573,1236,4357,1551,1011
Brooklyn,Flatbush,36047052800,0,18912,52604,48750,76000,25,33,48,46,54,10448.27545,38692.31004,111.9230839,309000,737,1272,872300,1782,1741,7,1747,1552,38,68314,232,1776,1263,190,286400,487,2105,1105,237,1818,899,155
Brooklyn,Midwood,36047053000,0,12104,21941,30571,51833,11,22,22,25,42,9651.785918,23750,96.3297881,235100,631,967,628300,3240.99998792633,3107.9999884218,89,2808.99998953566,2241,128,47499.9998230487,201.999999247491,2974.99998891726,2024.99999245629,215,199399.999257177,464.99999826774,3564,2124,208,3465,2121,187
Brooklyn,Midwood,36047053200,0,17172,33958,41750,56429,16,29,29,35,42,10766.23353,33292.68347,118.1102346,193200,690,934,433300,2395.00000446104,2273.00000423379,33,2147.0000039991,1798,86,60820.0001132861,241.000000448897,2183.00000406615,1592.00000296533,134,229300.000427105,466.000000867993,2757,1681,190,2579,1567,220
Brooklyn,Williamsburg,36047053300,0,8035,11583,12209,18458,6,3,2,4,4,5274.725032,9375,81.77419501,216700,515,924,542800,6974.0002078414,6657.00019839406,261,6588.0001963377,6111,64,31500.0009387732,177.000005275011,7228.00021541119,6617.00019720197,58,137500.004097819,377.000011235476,7560,6658,22,6566,6365,23
Brooklyn,Midwood,36047053400,0,12432,25548,23955,35682,8,15,24,25,48,8755.556013,23627.4519,81.90607789,231100,613,1077,629100,4017,3858,108,3934,2768,369,44286,189,4191,2519,541,193000,414,4612,2776,447,4383,2705,385
Brooklyn,Midwood,36047053800,0,12278,21696,28407,39592,10,17,28,31,44,8273.972917,23937.5,101.5985125,242500,660,1053,502400,4743.99996023625,4663.9999609068,45,4030.99996621255,3676,78,48484.9995936034,220.999998147599,4234.99996450264,3584.99996995088,75,206299.998270813,431.999996379018,4701,3956,45,4473,3548,113
Brooklyn,Midwood,36047054200,0,16027,28490,32083,44375,13,23,31,35,40,9902.43964,26562.5,101.6091916,339900,639,1042,712100,3799,3778,3,3348,3143,3,57568,223,3626,3206,30,245300,431,4469,3698,49,4450,3640,29
Brooklyn,Midwood,36047054400,0,17319,32162,42733,63636,13,20,29,34,59,9696.721883,28673.46804,113.3333362,260000,649,946,512500,3391.99998736382,3384.99998738989,0,2996.99998883531,2793,11,59221.9997793809,229.999999143183,3077.99998853356,2665.99999006838,22,239099.999109283,456.999998297542,3705,2988,36,3406,2787,42
Brooklyn,Madison,36047055000,0,12340,26875,29148,33844,13,22,24,33,38,9035.713465,36200,93.7784132,296200,673,864,692200,3391.99994985014,3342.99995057459,40,2992.99995574926,2694,53,67423.9990031533,207.999996924773,3045.99995496566,2483.99996327469,69,270999.995993334,444.999993420788,3572,2952,73,3551,2870,82
Brooklyn,Madison,36047055200,0,12970,27188,33870,41509,8,16,20,33,32,8437.5,25606.06158,94.21487725,254600,651,923,528800,3102.99999133032,3078.99999139737,6,2847.99999204278,2530,7,52205.9998541381,212.999999404885,3020.99999155942,2356.99999341462,104,221699.999380577,431.999998793006,3489,2634,62,3498,2539,67
Brooklyn,North Side-South Side,36047055300,0,7016,24968,34679,64201,4,7,22,36,59,5582.089319,12500,56.07895004,222300,599,1110,638500,2972.9999750806,2812.99997642171,84,2114.99998227227,1317,34,15832.9998672893,125.99999894388,2228.99998131674,1449.99998784624,18,152099.998725113,348.999997074716,2583,1449,47,2596,1674,60
Brooklyn,Madison,36047055800,0,14980,37037,24750,38798,9,13,23,27,35,10739.83683,26111.1113,94.18366757,259400,678,924,630100,2457.00002745911,2441.0000272803,3,2393.00002674386,2085,8,53169.0005942099,201.00000224635,2382.00002662092,1911.00002135709,13,210000.002346933,483.000005397946,2533,1855,33,2390,1764,32
Brooklyn,Madison,36047056000,0,15140,28715,40913,40078,10,19,26,40,37,9782.608182,30719.69828,99.70085121,287500,682,987,613900,3220,3211,3,3112,2966,25,62628,229,2970,2681,36,245100,459,3571,3228,35,3493,3096,35
Brooklyn,Madison,36047056200,0,28580,47552,51300,70406,17,26,36,42,37,15921.98477,32074.46934,108,290100,547,1603,646000,1724,1701,3,1499,1416,0,64383,228,1501,1419,3,253500,545,1673,1514,1,1654,1466,6
Brooklyn,Madison,36047056400,0,17222,36202,46359,55739,16,16,18,33,40,10846.15453,29473.68401,148.6224478,239300,638,796,518400,3003.99994719354,2970.99994777364,7,2452.99995687942,2359,2,60724.9989325326,251.999995570164,2170.99996183661,2024.99996440311,12,220599.996122136,432.999992388417,2442,2069,69,2451,1935,86
Brooklyn,Greenpoint,36047056500,0,12187,31638,32640,58214,,7,0,,54,7563.708522,21250,64.02357543,267999.9608,639.8602157,1155,855200,3900.94728112221,3817.9472829774,45,3791.68412564322,2533.64210510254,17,38535.6353826554,148.010047707794,3692.63675939105,2360.28942075558,73.1736842095852,192891.023308977,378.370440835783,3562.99999982119,2295.10000038147,58.9947369098663,3255,2485,44
Brooklyn,Madison,36047056600,0,18690,39918,42036,54442,13,18,23,29,40,10696.55176,27024.5389,175.3184641,217300,771,1004,585900,2955.99996696413,2912.99996744469,10,2528.99997173622,2335,49,55310.9993818514,290.999996747822,2221.99997516721,1971.99997796118,55,205199.997706711,522.99999415502,2577,2047,62,2419,1628,185
Brooklyn,Madison,36047056800,11150,21118,51196,48125,51304,6,11,29,25,30,11150,26217.38938,107.9069696,210900,649,1048,484100,1494.00001252256,1459.0000122292,0,1321.00001107249,1278,0,55956.0004690178,214.000001793727,1142.00000957213,1031.00000864174,1,203500.001705717,498.000004174188,1343,1034,11,1314,909,11
Brooklyn,Greenpoint,36047056900,0,11574,34336,40143,62955,1,7,11,34,49,6757.575711,19687.5,62.83653846,235800,728,1330,833300,1864.99997872277,1835.99997905362,0,1564.99998214538,1284,2,27499.9996862607,150.999998277286,1620.99998150649,1317.99998496333,36,162499.998146086,456.999994786223,1664,1313,10,1630,1335,17
Brooklyn,Sheepshead Bay-Gerritsen Beach-Manhattan Beach,36047057000,0,21481,32319,38750,54257,9,15,21,27,30,12101.94136,27355.76975,127.8000065,63900,604,841,198700,4341.99998382479,4289.9999840185,11,3481.99998702854,3383,14,47618.9998226054,235.999999120831,3298.99998771027,2992.99998885021,67,185099.999310449,437.999998368323,3292,2483,71,3384,2176,125
Brooklyn,Greenpoint,36047057100,0,11696,35528,35282,52440,2,7,12,17,43,7711.039139,16607.14234,64.46318989,231900,618,1125,641100,5215.00003885478,5161.00003845245,0,4645.00003460795,4120,5,31667.0002359375,151.000001125038,4957.00003693253,4545.00003386289,2,158900.001183897,397.000002957881,5083,4647,8,4400,3907,26
Brooklyn,Sheepshead Bay-Gerritsen Beach-Manhattan Beach,36047057200,0,10059,11812,15361,13918,3,4,6,6,16,9135.592873,,96.33917406,275000,340,445,-999,6842,5892,933,5416,4123,885,,145,5265,3046,1292,137500,283,5633,1337,2640,5443,814,2841
Brooklyn,Greenpoint,36047057300,0,13578,35563,35588,50625,4,5,10,17,30,7551.724041,15312.5,65.14970624,224700,638,951,725500,2844.9999998344,2802.99999983684,3,2490.999999855,2262,3,34721.9999979789,150.999999991211,2542.99999985198,2227.99999987031,10,184999.999989232,406.999999976309,2787,2436,17,2608,2219,36
Brooklyn,Madison,36047057400,0,21843,38516,58519,74265,7,16,25,37,43,9679.487644,27171.42751,86.86440985,230900,711,1062,597800,2529.00003297441,2508.0000327006,5,2277.0000296887,2151,4,50104.0006532818,194.000002529472,2179.00002841093,1718.00002240017,11,199600.002602488,491.000006401911,2626,1579,11,2657,1389,17
Brooklyn,Madison,36047057600,0,21211,39038,45354,54007,11,17,22,35,27,11013.33289,29204.54386,125.431035,264500,738,1036,584100,2891.99996936275,2848.99996981828,9,2526.99997322948,2252,26,58659.999378568,241.999997436302,2361.99997497746,1762.99998132314,20,214899.997723394,528.999994395883,2836,1743,25,2918,1405,31
Brooklyn,Madison,36047057800,9660,15934,40743,37262,63371,8,12,27,35,40,9660,25988.37353,96.46154539,259200,706,883,631900,2932,2874,14,2582,2289,6,52031,220,2582,1846,15,213200,489,2988,1840,25,3176,1801,44
Brooklyn,Madison,36047058000,0,14039,23056,29471,43397,10,15,17,22,28,8767.604975,24750,105.9859173,225300,665,957,637900,2924.0000217855,2893.00002155453,1,2680.00001996756,2336,1,50000.000372529,220.000001639128,2716.00002023578,1918.00001429021,24,232100.00172928,457.000003404915,3149,1713,35,3365,1661,74
Brooklyn,Sheepshead Bay-Gerritsen Beach-Manhattan Beach,36047058600,0,18977,32177,44177,34205,7,17,17,22,20,9507.142356,25957.44681,106.6071396,226300,725,969,520800,2071.00001157261,1784.00000996888,241,1876.00001048297,1371,183,50000.0002793968,229.000001279637,1797.00001004152,938.000005241483,171,189900.001061149,495.000002766028,2327,773,138,2519,711,133
Brooklyn,Greenpoint,36047059100,0,11882,31734,33047,56573,3,7,16,20,50,8273.255797,15875,66.09195668,249000,657,1154,699900,4572,4497,70,4081,3468,10,26667,153,4449,3783,46,125000,389,4277,3557,26,3920,3324,62
Brooklyn,Sheepshead Bay-Gerritsen Beach-Manhattan Beach,36047059200,0,13169,26987,39375,52162,10,15,22,34,45,8647.8875,27821.78167,93.8034239,231400,687,944,542900,3732.99996262626,3724.99996270635,0,3332.99996663095,3043,11,51083.9994885614,209.999997897539,3564.99996430823,2825.99997170689,28,198799.998009671,434.999995644903,3987,2577,52,3870,2493,49
Brooklyn,Greenpoint,36047059300,0,12955,25676,35208,37672,2,3,10,11,41,8907.407035,13750,68.32353415,210000,604,1220,558200,2817.00002295594,2766.00002254033,48,2256.00001838431,1648,6,30625.0002495653,155.000001263106,2372.0000193296,1664.00001356006,29,143800.001171837,389.000003169989,2488,1616,43,2228,1689,35
Brooklyn,Sheepshead Bay-Gerritsen Beach-Manhattan Beach,36047059401,0,14822,28565,35065,56689,8,12,22,25,38,8915.38502,28588.95612,116.9257966,265700,634,860,616900,7659.99999286607,7578.99999294151,14,7088.99999339785,6685,3,57836.9999461351,225.999999789521,6857.99999361299,5583.99999479949,12,216399.999798462,470.999999561347,7875,5287,27,7628,4657,51
Brooklyn,Sheepshead Bay-Gerritsen Beach-Manhattan Beach,36047059402,0,17382,37730,47923,63283,10,20,27,36,50,11777.77793,30115.74093,129.2688774,227300,677,880,494500,4857.00001809374,4843.00001804158,4,4481.00001669303,4349,20,60466.0002252534,239.000000890344,4130.00001538545,3827.00001425669,14,216400.000806153,495.000001844019,4614,3828,19,4551,3564,67
Brooklyn,Sheepshead Bay-Gerritsen Beach-Manhattan Beach,36047059600,0,16585,26736,35000,37012,14,14,17,34,27,11717.94838,31029.41287,113.90625,48500,527,742,439100,3047.00001135096,3044.00001133978,2,2531.00000942871,2490,3,58023.0002161525,212.000000789762,2546.00000948459,2349.00000875071,68,212100.000790134,356.000001326203,2249,2002,39,2306,1955,59
Brooklyn,Sheepshead Bay-Gerritsen Beach-Manhattan Beach,36047060000,0,16165,34204,42582,59952,9,15,25,32,49,9902.777077,26367.52164,127.9591774,215900,697,992,549300,6007.99999930058,5964.99999930558,22,5826.99999932165,5502,8,53102.999993818,248.999999971013,5172.99999939778,4509.99999947497,45,216196.507911339,485.390381838826,6116,4874,95,6067,4941,99
Brooklyn,Sheepshead Bay-Gerritsen Beach-Manhattan Beach,36047061200,0,21000,51971,69013,69286,27,36,49,50,68,13636.36328,47023.80687,120.703125,455200,695,994,855000,1200.00000447035,1190.0000044331,1,1069.00000398234,1030,0,92609.0003449954,247.000000920147,1053.00000392273,982.000003658235,7,398800.001485646,510.000001899898,1177,1121,5,1076,1023,3
Brooklyn,Sheepshead Bay-Gerritsen Beach-Manhattan Beach,36047063200,0,21270,32143,45645,70714,7,10,18,23,25,9097.222885,24565.21729,151.0274029,112900,547,725,363100,1807.99997979403,1801.99997986108,0,1589.99998223037,1529,1,48499.9994579703,231.999997407198,1407.99998426437,1318.99998525903,4,192899.997844175,418.99999531731,1368,1206,8,1447,1222,8
Brooklyn,Georgetown-Marine Park-Bergen Beach-Mill Basin,36047063600,13250,28112,56107,76854,88239,7,15,19,33,38,13250,24598.21483,101.4285747,222900,692,1177,507600,1322,1319,0,1273,1248,0,54038,210,1204,1119,1,197600,541,1283,1097,6,1236,1014,17
Brooklyn,Madison,36047063800,0,18375,49844,53603,60489,12,13,30,30,32,12570.65269,29210.5266,127.5949358,239800,694,1083,524500,1813.99998648465,1803.99998655915,9,1597.99998809397,1570,6,61597.9995410591,221.999998345971,1455.99998915195,1353.99998991191,6,216699.998385459,421.999996855855,1507,1294,6,1524,1268,20
Brooklyn,Georgetown-Marine Park-Bergen Beach-Mill Basin,36047064000,13575,24516,60906,64297,97560,19,22,35,33,45,13575,28618.78465,108.3333333,236400,758,773,527800,1604.99997907318,1596.99997917749,0,1540.99997990765,1510,2,61207.9992019385,226.999997040257,1424.99998142011,1338.99998254143,4,220099.997130223,511.99999332428,1488,1308,4,1599,1316,9
Brooklyn,Georgetown-Marine Park-Bergen Beach-Mill Basin,36047064600,0,20870,46250,59620,80978,11,13,17,28,27,11270.07288,24177.21464,104.75,206400,833,1104,545200,2702.0000150986,2668.00001490861,6,2059.00001150556,1992,4,47190.0002636947,201.000001123175,1909.00001066737,1750.00000977889,4,185100.001034327,515.000002877787,2064,1562,136,2189,1704,130
Brooklyn,Georgetown-Marine Park-Bergen Beach-Mill Basin,36047064800,0,19784,41167,61902,56504,8,10,15,27,27,10916.66667,24264.70416,106.7741887,223500,759,1202,487700,2164.00000806153,2150.00000800937,7,1863.00000694022,1820,1,48960.0001823902,230.000000856817,1676.00000624359,1581.00000588968,12,196000.000730157,531.000001978129,1974,1239,315,1945,1170,382
Brooklyn,Flatlands,36047065000,9500,21708,41167,50500,60257,6,15,21,22,27,9500,24741.37808,86.96969416,208700,531,805,430500,1772.99999752315,1749.99999755528,4,1386.99999806238,1310,5,47764.9999332731,203.999999715015,1212.99999830546,999.999998603016,31,186899.999738904,414.999999420252,1425,665,450,1389,427,511
Brooklyn,Georgetown-Marine Park-Bergen Beach-Mill Basin,36047065200,0,22531,50846,63958,114063,10,14,20,18,40,12203.12465,25412.84503,125,224600,786,799,596400,1358.00001011789,1355.00001009554,2,1201.00000894815,1189,2,56122.0004181415,252.000001877546,1055.00000786036,1031.00000768155,0,202800.001510978,575.000004284084,1173,988,17,1232,872,44
Brooklyn,Georgetown-Marine Park-Bergen Beach-Mill Basin,36047065400,0,24048,48281,67438,105213,5,19,11,28,34,11919.35479,24304.6375,125,227400,626,968,576500,1880.00001400709,1878.00001399219,0,1735.00001292676,1688,0,52476.0003909767,217.000001616776,1577.00001174957,1516.00001129508,7,197200.001469254,561.000004179776,1611,1469,9,1607,1400,12
Brooklyn,Georgetown-Marine Park-Bergen Beach-Mill Basin,36047065600,0,20968,51116,60098,83889,3,7,12,22,26,11168.31634,22004.64458,30,184200,1014,545,451600,2389.99998219311,2377.99998228252,0,1924.99998565763,1882,1,45636.9996599779,199.999998509884,1755.99998691678,1688.99998741597,7,181799.998645484,537.999995991588,1826,1670,12,1708,1461,15
Brooklyn,Georgetown-Marine Park-Bergen Beach-Mill Basin,36047065800,0,17625,36042,63250,85870,9,11,24,27,38,11148.14825,25274.38996,92.63157777,222600,671,1002,546900,2075.00003091991,2062.00003072619,1,1792.00002670288,1746,0,51207.0007630438,217.000003233552,1662.00002476573,1568.00002336502,2,197200.002938509,494.000007361174,1849,1590,12,1762,1449,24
Brooklyn,Georgetown-Marine Park-Bergen Beach-Mill Basin,36047066000,13188,23551,44205,65833,66667,7,13,21,29,31,13188,26912.44332,101.6666631,229200,700,746,477500,2002.99997015297,1990.99997033179,11,1828.99997274578,1786,1,56515.999157846,221.999996691942,1646.99997545779,1577.99997648597,1,205899.996931851,538.999991968274,1662,1508,2,1773,1448,6
Brooklyn,Georgetown-Marine Park-Bergen Beach-Mill Basin,36047067000,0,18983,36607,50901,49091,8,13,14,19,23,12123.13475,23546.51163,138.8931282,212700,805,1208,559200,2957.99996418692,2943.99996435642,3,2495.99996978045,2418,0,54858.9993358115,248.999996985309,2265.9999725651,2125.99997426011,3,197099.997613672,535.999993510544,2364,1477,527,2680,681,1463
Brooklyn,Flatlands,36047067200,0,17806,33828,39875,71957,2,2,17,25,22,9888.88872,24937.5,104.8387074,207300,748,736,509300,1321.99998030066,1316.99998037517,1,1146.99998290837,1097,2,45356.999324128,213.999996811152,1000.99998508394,879.999986886978,10,173399.997416139,480.999992832541,1319,358,720,1422,180,954
Brooklyn,Flatlands,36047067400,0,17016,45929,51146,85588,5,5,13,20,24,11805.55617,24212.9638,105.4545398,199100,806,1307,451400,2116.00001773611,2094.00001755171,1,1820.00001525506,1766,1,47783.0004005125,227.000001902692,1712.00001434982,1558.00001305901,26,184300.001544785,530.000004442409,2009,766,940,1964,366,1242
Brooklyn,Flatlands,36047067600,0,17297,43307,55119,72727,4,15,0,24,26,10028.57159,25887.84821,110.9302243,209900,735,1188,467100,1544.99998776941,1538.9999878169,0,1423.99998872727,1364,1,48653.9996148432,218.999998266343,1395.94847142737,987.656781032604,201.317790985107,185067.770167951,571.711058488869,1738,405,1055,1657,186,1272
Brooklyn,Flatlands,36047067800,0,21799,41250,50536,61477,9,14,18,18,22,12229.7292,30769.22976,163.8235294,250500,805,1056,552300,2476,2476,0,2082,2049,0,59878,286,1924,1841,5,201800,615,2637,802,1592,2660,360,2134
Brooklyn,Flatlands,36047068000,0,17454,42102,59167,53450,2,7,8,19,14,10714.28617,22400,97.94118038,183700,729,643,393400,1990.00001482666,1986.00001479685,2,1726.0000128597,1698,0,42500.0003166497,220.000001639128,1480.00001102686,1410.00001050532,1,168900.001258403,505.000003762543,1780,721,819,1809,313,1114
Brooklyn,Flatlands,36047068200,0,20434,36056,51852,84896,7,7,14,19,33,10922.414,24543.65052,110.9859129,192000,641,1053,454800,2802,2791,5,2168,2109,4,48397,230,1841,1782,3,184900,524,2238,1257,640,2432,564,1392
Brooklyn,Georgetown-Marine Park-Bergen Beach-Mill Basin,36047068600,0,19474,32721,43393,62260,7,10,14,21,29,10918.60479,24583.33404,147.2727254,197200,669,1004,237000,2067.00002117548,2038.00002087839,2,1671.00001711864,1603,0,57750.0005916227,257.000002632849,1560.0000159815,1473.00001509022,1,219300.002246629,553.000005665235,1546,1261,66,1533,860,364
Brooklyn,Flatlands,36047068800,0,22654,38750,52391,73229,5,12,16,18,31,11630.13704,25987.65376,115,187200,723,883,456100,1954.99999635853,1951.99999636412,0,1591.99999703467,1563,0,48709.9999092706,230.999999569729,1451.99999729544,1404.99999738298,0,194699.999637343,499.999999068677,1559,1056,278,1614,548,772
Brooklyn,Flatlands,36047069000,0,19572,41700,56786,76250,2,8,7,19,36,10887.32412,22459.67734,111.8181861,190700,645,809,424300,1834.00000512414,1822.00000509061,3,1837.00000513252,1777,0,44911.0001254799,219.000000611879,1612.00000450388,1554.00000434183,0,183700.000513252,463.000001293607,1773,905,623,1791,403,1043
Brooklyn,Flatlands,36047069200,0,22103,41333,51914,65179,4,13,16,24,21,11707.69212,21478.10079,163.7931024,245300,826,1190,481600,2440.00004090369,2439.00004088692,0,2173.00003642775,2135,0,42626.000714574,289.00000484474,1960.00003285706,1875.00003143214,2,174400.002923608,625.000010477379,2353,926,1153,2392,342,1736
Brooklyn,Flatlands,36047072800,0,17855,41769,45775,51491,14,18,20,28,29,12857.14272,28566.879,179.7393268,194000,806,999,288900,3944.9999889778,3937.99998899736,0,3386.99999053683,3063,118,48349.9998649117,289.999999189749,3488.99999025185,1374.99999615829,1701,195399.999454059,490.999998628162,3777,490,3022,3193,241,2675
Brooklyn,Flatlands,36047073400,0,23776,55000,55735,64583,6,8,22,20,26,10274.50987,24315.47654,112.8571417,220800,735,1269,439200,1571.99998828769,1561.99998836219,0,1459.99998912215,1058,244,44716.9996668324,225.999998316169,1751.99998694658,338.999997474253,1171,181699.99864623,629.999995306134,2165,106,1803,1889,72,1583
Brooklyn,Flatlands,36047073600,0,15739,30348,45944,41214,,14,0,,21,8507.936758,24818.84046,128.7437142,186200.0008,688.0000149,949,437300,2864.71079268988,2840.84648896736,4.97172975540161,2595.24302982318,2093.09838867188,292.337707519531,44647.0023987464,221.000006471235,2905.47897821583,1075.88235948992,1240.94384765625,183600.006726909,448.999983815158,3337.02525186539,406.687530517578,2230.31811523438,3368,373,2241
Brooklyn,Flatlands,36047073800,0,14202,30135,37833,65132,6,13,18,22,28,8947.368217,24427.71154,97.21591508,216900,663,864,590100,2846.00002650544,2821.00002627261,8,2655.00002472661,2403,109,46282.0004310347,207.000001927838,2668.00002484769,1694.0000157766,476,184000.001713634,440.000004097819,3306,1080,1651,3225,1065,1587
Brooklyn,Flatlands,36047074000,0,14954,30294,38208,57321,4,11,16,19,24,9434.781879,23938.35498,96.02563961,221300,668,776,539700,2969.99999498657,2904.9999950963,27,2548.99999569723,1827,399,43896.9999259009,200.999999660708,2800.99999527185,776.999998688407,1430,181999.99969278,454.99999923195,3623,283,2592,3531,294,2409
Brooklyn,Flatlands,36047074200,0,17882,40958,50085,62473,10,13,19,20,29,10459.01601,24529.91403,136.3483159,221700,705,1081,490000,2655.99999505281,2631.99999509752,11,2453.99999542907,1840,404,44396.9999173041,255.999999523163,2981.99999444559,1287.99999760091,1264,181699.999661557,511.999999046326,3348,910,2026,3292,1437,1475
Brooklyn,Flatlands,36047074400,0,21206,51108,66563,94485,9,15,35,29,56,12192.30785,26256.15789,102.5925866,273500,635,1024,598200,1932.00000719726,1927.00000717863,3,1973.00000735,1837,37,46802.000174351,224.000000834465,1993.0000074245,1722.00000641495,92,201600.000751019,548.000002041459,2349,2025,169,2492,2250,118
Brooklyn,Flatlands,36047074600,0,18500,45529,48466,71855,9,15,25,33,34,10404.49425,29338.84395,110.5263158,224300,545,1092,579500,1740.9999902714,1715.9999904111,1,1804.99998991378,1645,11,55578.9996894281,213.999998804182,1682.9999905955,1385.99999225512,45,210699.998822622,476.999997334555,1985,1246,451,2003,1288,420
Brooklyn,Midwood,36047074800,0,20429,45319,57500,57454,22,30,38,36,43,11378.37807,31584.15806,155.8988836,328800,719,1064,641500,2066.0000307858,2038.00003036857,5,1893.0000282079,1455,293,63217.0009420067,264.000003933907,1961.00002922118,1332.00001984835,421,268900.004006922,505.000007525086,2094,1458,425,2012,1471,384
Brooklyn,Midwood,36047075000,12150,17360,34881,47976,39099,18,22,33,42,26,12150,27192.30872,126.4077699,329600,728,896,709100,2611.00001945347,2592.0000193119,7,2548.00001898408,2079,285,53164.0003961027,245.000001825392,2825.00002104789,2188.00001630187,269,225400.001679361,497.000003702939,3148,2583,278,3029,2443,329
Brooklyn,Midwood,36047075200,0,23718,81157,65227,49893,38,39,51,50,51,22976.19129,51276.59877,203.3333271,636800,943,-999,758900,1240.00003695488,1218.00003629923,19,1273.00003793836,1234,18,95690.0028517842,343.000010222197,1267.00003775954,1240.00003695488,5,389000.011593103,783.000023335218,1260,1238,8,1130,1116,10
Brooklyn,Midwood,36047075400,0,27422,65404,92663,117750,31,44,62,54,68,19635.03759,39513.27371,177.4509783,482100,928,1510,860900,1543.9999884963,1537.99998854101,5,1408.99998950213,1397,4,74374.9994458631,340.999997459352,1501.99998880923,1479.99998897314,6,333999.997511506,767.999994277954,1600,1585,1,1488,1483,0
Brooklyn,Midwood,36047075600,0,22538,35536,54236,61618,20,28,33,45,43,12554.05401,31572.58,129.6043082,326100,678,956,585300,2190.99996735156,2178.99996753037,5,1809.9999730289,1680,0,63959.9990469217,200.999997004867,1811.9999729991,1631.9999756813,27,275399.99589622,376.999994382262,1974,1677,73,1993,1689,64
Brooklyn,Midwood,36047076000,0,12464,25992,31888,57143,22,32,33,37,50,10158.87848,43082.52416,93.22033691,407400,654,891,665400,2703.00003020838,2671.00002985075,26,2641.00002951548,2443,21,80926.0009044185,197.000002201647,2734.00003055483,2305.00002576038,50,344800.00385344,410.000004582107,2993,2598,62,2776,2389,66
Brooklyn,Midwood,36047076200,0,12029,23858,30275,41541,16,22,28,32,26,7988.095566,42500,89.41422005,356700,624,897,620000,3732.99995828047,3619.99995954335,90,3852.99995693937,2797,573,74999.9991618097,196.999997798353,4461.99995013326,2665.99997020513,678,351099.996076152,418.99999531731,4671,2779,604,4235,2391,502
Brooklyn,Flatbush,36047076400,9375,13750,31799,30328,51667,18,23,20,22,31,9375,43644.06711,106.7039076,340500,643,917,752300,3059.00006267615,2983.00006111898,47,3342.00006847456,1428,1361,70506.0014446042,230.000004712492,3821.00007828884,857.000017559156,2269,318500.006525777,473.000009691343,4192,1048,2349,3487,691,1991
Brooklyn,Midwood,36047076800,0,14819,29884,35341,48750,12,21,23,29,40,10251.54791,25048.3011,95.03449652,272396.6102,675.1093023,1004,506000,3559.00000204612,3457.00000180583,22,3046.00000235625,2715,18,47756.130303702,208.495962972694,3245.00000335183,2767.00000260491,28,199850.704481999,442.679860395331,3601,2830,60,3407,2642,67
Brooklyn,Flatbush,36047077400,0,10335,27217,34583,47763,14,19,24,35,27,10228.34627,27142.85638,106.3967569,208300,679,970,782100,2493.99999297741,2443.9999931182,11,2148.99999394886,1584,238,47856.9998652445,224.999999366446,2357.99999336035,882.999997513652,973,193799.999454299,461.999998699102,3121,779,1508,2881,652,1614
Brooklyn,East Flatbush-Farragut,36047078400,12100,20921,45227,51972,64080,11,22,14,18,25,12100,24112.90339,126.9565204,218200,690,977,464300,2013.99998499453,1991.99998515844,15,2001.99998508394,1029,677,45388.9996618256,241.99999819696,2384.99998223037,300.999997757375,1846,180299.99865666,522.999996103346,2740,143,2377,2348,77,2008
Brooklyn,Erasmus,36047079000,0,12516,29028,32310,36532,4,9,10,13,19,6735.294001,21853.44884,87.43345664,229300,604,858,536400,4751.00004535331,3689.0000352154,911,5262.00005023135,315,4099,45909.0004382499,216.000002061948,5343.00005100458,78.0000007445924,4717,177300.001692516,440.000004200265,5908,28,5410,5094,77,4472
Brooklyn,Erasmus,36047079200,0,11103,22151,24878,42772,4,10,9,11,15,7330.88254,21428.57305,85.66844666,184400,620,871,478300,4147.00005407073,2330.00003037974,1620,3560.00004641712,234,2685,37885.0004939642,197.000002568588,3906.00005092844,85.0000011082739,3436,144300.001881458,445.00000580214,3815,54,3443,4372,73,3609
Brooklyn,Prospect Lefferts Gardens-Wingate,36047079601,0,10998,28134,29879,41296,,10,0,,31,7406.040106,25476.19177,99.6555069,197699.9954,612.9999892,882,326500,4108.37244670093,3004.23484442756,972.061340332031,4659.69081448764,267.654571533203,3605.08178710938,56000.0007221074,218.000001648675,5585.22527946532,143.08262539655,4614.6650390625,187499.996942257,441.999996175628,5194.99997615814,89.5517120361328,4438.06298828125,4413,592,3074
Brooklyn,Prospect Lefferts Gardens-Wingate,36047080000,0,14104,40757,42225,48911,11,16,28,20,32,7737.864695,25756.30357,92.57142609,242300,603,859,855200,4274.00001592189,1155.00000430271,3015,3818.00001422316,289,3189,59043.0002199523,214.000000797212,3872.00001442432,255.000000949949,3356,222700.000829622,455.000001695007,3927,245,3378,3487,497,2626
Brooklyn,Prospect Lefferts Gardens-Wingate,36047080400,7940,11171,26413,26287,44769,6,13,9,12,25,7940,20250,93.8034195,213300,645,968,585000,3084.99995833961,1181.99998403806,1693,3337.99995492306,231,2688,39999.9994598329,208.999997177627,3629.99995097984,91.9999987576157,3118,159999.997839332,438.999994071666,3380,55,2988,3250,212,2674
Brooklyn,Prospect Lefferts Gardens-Wingate,36047080600,0,11719,25769,34831,41709,5,5,6,11,22,6744.185811,18375,89.7849449,155400,610,857,469200,2085.99996891618,1223.99998176098,832,2428.99996380508,159,1948,35832.9994660467,205.999996930361,2635.99996072054,71.9999989271164,2283,133999.998003244,429.999993592501,2770,42,2495,3386,891,2258
Brooklyn,East Flatbush-Farragut,36047081400,0,15750,29832,45179,54643,9,6,11,18,27,7686.046639,24615.384,92.0289835,197600,690,990,431400,2693.99998996407,2071.9999922812,554,2810.99998952821,183,2369,46292.9998275451,221.999999172986,2829.99998945743,31.9999998807907,2631,169599.999368191,476.999998223037,3080,27,2869,2635,24,2435
Brooklyn,Erasmus,36047081800,0,12331,28442,30144,39939,18,23,25,19,25,7256.757152,20909.09252,109.3956066,190000,639,917,365300,4234.00002760254,3441.00002243277,580,4710.00003070571,572,3445,44000.0002868474,247.000001610257,5516.00003596023,511.000003331341,4228,164300.001071114,444.000002894551,5253,166,4319,4551,204,3619
Brooklyn,Erasmus,36047082400,0,11628,23604,31193,32482,5,5,13,14,10,7288.461447,18541.6654,86.70250534,194200,616,963,458100,5402,3755,1545,4416,317,3612,41935,210,4494,72,3979,154500,450,4448,25,4034,4730,35,4207
Brooklyn,East Flatbush-Farragut,36047083200,0,19771,45506,49231,85417,9,10,7,20,25,11204.3012,22557.25182,105.8928594,194000,693,920,398900,2099.99998435378,2079.99998450279,8,2211.99998351932,516,1509,43553.9996754974,231.999998271465,2312.99998276681,142.999998934567,2008,162899.9987863,481.99999640882,2563,62,2359,2289,27,2071
Brooklyn,East Flatbush-Farragut,36047083600,0,20741,48587,45292,61774,6,10,14,20,21,11695.12169,23681.81818,106.8888825,206500,668,948,459200,2025.99993962049,2021.9999397397,0,1973.99994117022,644,1153,47192.998593539,224.999993294477,2073.99993818998,151.999995470047,1791,187299.994418025,537.999983966351,2186,64,1974,1929,37,1764
Brooklyn,East Flatbush-Farragut,36047083800,0,17440,50900,57623,66127,7,10,16,22,24,10648.93643,23035.71548,94.33333571,185100,713,965,435400,2030.99998486787,2016.99998497218,1,2061.9999846369,1033,900,44031.999671936,201.999998494983,2424.99998193234,279.999997913837,1956,170999.998725951,510.999996192753,2521,113,2259,2189,37,1977
Brooklyn,East Flatbush-Farragut,36047084000,0,21250,36687,50125,58625,9,10,21,21,11,11428.57129,23075.39529,136.3461638,185100,673,913,399200,2089.99999221414,2024.99999245629,43,2068.99999229237,659,1157,44789.9998331442,239.99999910593,2213.99999175221,159.999999403954,1783,173299.999354407,499.999998137355,2512,76,2262,2412,69,2107
Brooklyn,Rugby-Remsen Village,36047084600,0,21352,42857,44569,72533,9,7,20,18,20,11575.75775,25459.18299,107.0454539,183200,756,891,401900,2099.99999217689,1984.9999926053,86,1957.99999270588,237,1471,49493.9998156205,234.999999124557,2077.99999225885,59.9999997764826,1849,178399.999335408,553.999997936189,2164,33,1950,1963,39,1788
Brooklyn,Rugby-Remsen Village,36047084800,0,25036,47347,47115,60964,8,15,10,21,22,11854.16667,23532.61003,103.8235347,196600,621,988,449800,1596.99997471552,1314.99997918028,250,1774.99997189734,126,1470,48836.999226789,232.999996311031,1749.99997229315,31.9999994933605,1617,177099.997196067,538.999991466291,1792,20,1668,1750,12,1638
Brooklyn,East Flatbush-Farragut,36047085000,0,23648,49750,63807,61563,7,13,19,23,19,10139.53522,22802.42012,104.800006,175700,788,963,388200,1351.0000075493,1315.00000734814,35,1242.00000694022,347,791,45708.0002554134,238.000001329929,1340.00000748783,94.0000005252659,1133,170100.000950508,592.000003308058,1435,30,1325,1374,48,1265
Brooklyn,East Flatbush-Farragut,36047085600,0,13596,27549,33796,45887,9,10,12,13,24,8337.662393,19600,116.6929193,187900,605,811,374400,3505.00002611429,3023.00002252311,383,3853.00002870709,215,2933,41700.0003106892,231.000001721084,3606.00002686679,59.0000004395843,3236,159000.001184642,459.000003419816,3898,31,3558,3608,43,3237
Brooklyn,East Flatbush-Farragut,36047086000,0,13197,29176,43548,41453,5,6,6,14,20,7814.814988,22027.0285,86.88461135,183000,650,969,354700,2954.99994495884,2706.9999495782,211,3462.9999354966,152,2937,44999.9991618097,223.999995827675,3565.99993357807,106.99999800697,3234,167499.996880069,490.999990854412,3665,18,3413,3426,43,3134
Brooklyn,Rugby-Remsen Village,36047086200,0,11226,27212,30291,35795,6,6,8,11,24,7707.792224,22840.90741,85.84848873,190800,655,879,371400,2961,2715,208,3140,158,2757,45455,206,3098,60,2802,169200,462,3395,26,3236,2996,32,2752
Brooklyn,Rugby-Remsen Village,36047086400,0,19095,38973,40094,86042,8,7,18,12,19,8969.697464,24153.22619,100,213400,752,956,484500,2041.99997860519,1617.9999830476,413,2198.99997696024,109,1910,50544.9994704209,226.999997621635,2147.99997749459,37.9999996018596,1966,186499.998045969,476.99999500229,2134,9,2027,2231,13,2100
Brooklyn,Rugby-Remsen Village,36047086600,0,12672,29427,38646,36458,6,10,6,16,12,7886.792353,23214.2847,87.06666629,189400,639,971,470600,2822.0000095272,2270.00000766362,529,3202.00001081009,113,2771,46176.0001558922,216.000000729226,3546.00001197145,17.0000000573928,3328,179300.000605325,431.000001455075,3215,18,3021,3149,13,2987
Brooklyn,Rugby-Remsen Village,36047086800,0,12835,32258,33317,31023,4,10,15,12,10,6093.023702,21160.71558,88.88060053,195900,661,953,378400,2984.99996108003,2581.99996633455,361,3531.99995394796,134,2945,45869.9994019233,222.999997092411,3464.99995482154,36.9999995175749,3241,164799.997851253,481.999993715435,3438,26,3154,3156,68,2888
Brooklyn,East Flatbush-Farragut,36047087000,0,13013,30459,31919,38262,6,15,18,13,20,7771.276414,23769.84157,86.62162147,194600,625,914,419400,2821.00001050904,2230.0000083074,513,3235.00001205131,106,2823,47745.000177864,218.000000812113,2861.00001065806,45.0000001676381,2672,180400.000672042,462.000001721084,3216,25,3044,3204,48,2960
Brooklyn,Prospect Lefferts Gardens-Wingate,36047087800,0,13813,31580,29260,35990,7,3,6,12,11,6272.726965,23750,86.1627862,229800,589,935,434200,2769.99995872378,2001.99997016788,742,2746.99995906651,67,2454,39999.9994039536,212.999996826053,3513.99994763732,420.999993726611,2794,162499.997578561,446.999993339181,3165,234,2681,3006,60,2748
Brooklyn,Rugby-Remsen Village,36047088600,0,6575,24647,29271,31605,4,6,9,10,15,6223.809745,24166.66593,99.61111469,192600,622,901,508700,4482,2264,2154,4420,70,3943,45500,208,4796,21,4378,152500,438,4650,11,4369,4427,26,4035
Brooklyn,Rugby-Remsen Village,36047088800,0,11207,24964,30299,44158,,13,9,11,13,6733.496562,28280.77524,95.65874908,220100,647,934,455600,3608.70712999407,2756.46136474895,792.811199426651,4103.99997457376,364,3219,58749.9996360157,211.999998686559,3853.99997612263,99.9999993804522,3404,165599.998974029,451.999997199644,4124,20,3757,3923,25,3501
Brooklyn,Rugby-Remsen Village,36047089000,0,10986,20898,23431,30683,,8,0,8,10,6720.208855,24531.24921,91.87166463,258900,600,1018,593800,6112.20083488052,1661.0952410638,4274.68460634351,5866.9005133737,300.216248825192,4717.20101666451,60699.0763994875,203.016471707966,6617.97126468189,418.116135430324,5550.48000431061,112709.780953697,441.03560480633,6566,154,5885,6319,66,5629
Brooklyn,Brownsville,36047089600,0,8145,21439,28893,39774,1,10,21,12,16,6005.813924,20000,88.22518624,201100,614,933,469000,3795,886,2859,3323,93,2673,31667,202,3236,130,2631,116700,452,3654,28,3156,3546,39,2989
Brooklyn,Brownsville,36047089800,0,8099,27404,37331,36042,0,5,7,8,10,4424.77901,13750,84.10156798,144900,658,1088,430500,3029.00010155514,868.000029101968,2114,1116.00003741682,6,1043,27000.0009052455,196.999994131988,1366.00004579872,11.0000003688037,1218,117100.003926083,425.99998708509,1530,6,1365,2089,18,1849
Brooklyn,Brownsville,36047090200,0,5889,25446,18348,22176,2,1,12,10,7,3924.811981,,78.82353373,150600,297,455,346400,4280.00008370727,1048.00002049655,3075,2637.00005157385,20,2058,32500.0006356277,154.000003011897,4827.00009440538,56.0000010952353,3838,126700.00247797,259.000005065463,4884,61,3536,3451,27,2631
Brooklyn,Brownsville,36047091600,0,9540,16463,23967,25614,,3,6,9,4,5169.230722,18124.99946,86.84524183,178200,528,931,458400,4295.35390199601,942.492164817624,3297.31030273438,3309.00000616349,27,2818,27500.0000512227,196.000000365078,3976.00000740588,20.0000000372529,3300,98600.0001836568,399.000000743195,4238,20,3557,4325,53,3571
Brooklyn,Brownsville,36047091800,0,5190,15747,24934,37417,,5,5,10,21,4050.765798,18124.99938,77.79244041,135200,290,601,327000,2308.64589003593,889.507784735081,1380.68960571289,2071.99997394904,5,1348,22499.9997171108,149.999998114072,3041.99996175338,14.9999998114072,2003,115799.998544063,286.999996391591,2847,10,1912,2804,13,1733
Brooklyn,Brownsville,36047092400,0,7505,24004,23421,38782,0,2,6,6,14,4540.390713,,77.66350342,148982.2581,595.3454545,774,363800,4650.0000161822,1753.00000708085,2795,1755.00001056492,24,1364,,220.830710140609,2027.00001209881,1.00000000977889,1635,120406.01568591,421.081450447293,2484,8,2055,2656,13,2147
Brooklyn,Rugby-Remsen Village,36047092800,0,16667,38065,38009,63574,,9,0,21,24,8841.772333,24531.25097,108.4482708,206300,712,1000,496200,2907.11429623371,2451.72298084979,333.554168701172,2918.09961305218,161.783752441406,2394.79907226563,54285.9990061003,238.999994650196,2971.0288668139,86.883869382457,2603.52001953125,184100.005573589,515.000001721673,2801,57,2490,2656,41,2388
Brooklyn,Rugby-Remsen Village,36047093000,0,16739,44917,35296,73390,8,15,17,18,24,10816.9017,23500,119.5049479,180500,813,1107,444600,2451,2272,155,2373,1068,1067,50849,221,2469,97,2236,187700,563,2775,36,2657,2547,16,2450
Brooklyn,Rugby-Remsen Village,36047093800,0,16672,37625,34238,39340,8,8,18,16,16,8948.052083,23500,91.18055884,198600,695,854,436000,2347.99999876996,2174.99999886059,162,2648.99999861227,107,2326,47332.9999752037,219.999999884749,2699.99999858555,76.9999999596621,2498,181899.999904708,513.999999730731,2654,23,2522,2374,9,2231
Brooklyn,Canarsie,36047095400,0,20485,36750,42045,56636,10,15,20,16,21,11147.82626,32500,154.632584,267300,832,1184,578500,4763,4701,49,3891,3568,151,53889,263,3754,2040,1176,184200,582,4742,389,4086,4607,156,4220
Brooklyn,Canarsie,36047096400,0,16675,32234,45929,59671,6,8,14,15,32,10897.72757,24310.34602,124.7368409,210900,875,860,443300,1858.00001038238,1849.00001033209,4,1697.00000948273,1636,0,45312.0002532005,236.000001318753,1543.00000862218,1435.00000801869,2,184200.001029298,546.000003051013,2161,473,1354,2361,165,1922
Brooklyn,Canarsie,36047096600,0,18056,27813,50536,76354,1,3,12,18,29,9770.270197,22419.35467,118,209500,828,1132,523300,2185.00000101747,2173.00000101188,2,1827.00000085076,1732,3,43387.0000202036,233.000000108499,1443.00000067195,1301.00000060583,5,173900.000080979,527.000000245404,2128,506,1316,2164,166,1711
Brooklyn,Canarsie,36047096800,0,15268,32008,45329,80208,3,4,6,9,20,9681.817992,21739.13043,104.7368416,208300,910,1141,436900,1081.99999798462,1075.99999799579,1,1053.99999803677,983,0,47380.999911746,213.999999601394,1026.99999808706,797.999998513609,29,165699.99969136,524.999999022111,1395,278,812,1471,135,1077
Brooklyn,Canarsie,36047097000,0,13768,30804,37527,57745,4,6,6,11,29,10714.28571,22096.774,116.3157895,221400,759,870,485600,1718.99999919953,1710.99999920325,0,1711.99999920279,1650,0,41128.9999808478,214.999999899883,1542.99999928148,1296.99999939604,40,177799.999917205,463.999999783933,2078,319,1236,2105,205,1573
Brooklyn,Canarsie,36047098400,0,19591,40385,54286,64890,13,19,24,15,24,11333.33294,33125,164.8148226,231300,814,1123,559400,2051.99996942282,2024.99996982515,12,1683.99997490644,1173,269,52945.9992110431,263.999996066093,2012.99997000396,289.999995678663,1385,199999.997019768,562.999991610646,2066,89,1875,1978,58,1811
Brooklyn,Canarsie,36047098600,0,17286,38311,54444,66487,4,16,16,25,24,11175.57234,23571.42891,139.6632099,236100,840,1050,532800,2890.99993538111,2842.999936454,28,2424.99994579703,1614,333,45908.9989738539,241.999994590878,2820.99993694574,307.999993115664,2028,187499.995809048,620.999986119568,3128,78,2707,2862,32,2588
Brooklyn,Canarsie,36047099200,0,19567,38527,46354,72035,3,9,10,20,39,10260.86899,23095.23768,142.6666697,224700,816,1536,453000,1615.0000210572,1613.00002103113,0,1336.00001741946,1280,1,48125.0006274786,262.000003416091,1264.00001648068,1130.00001473352,1,175000.00228174,567.000007392839,1847,368,1147,1833,140,1475
Brooklyn,Canarsie,36047099400,0,19673,42361,49635,83380,5,12,17,24,21,10661.29,19687.5,148.125,250700,831,1262,453400,1473.00001406134,1464.00001397543,8,1355.00001293491,1286,1,39750.0003794557,277.000002644258,1302.00001242897,1196.00001141708,5,194400.001855753,609.000005813548,1930,316,1360,1978,99,1737
Brooklyn,Canarsie,36047099600,0,21717,37278,45345,67075,10,17,12,21,27,11570.62097,30052.63175,166.3709677,258100,835,1225,502100,4222.00004718453,4178.00004669279,0,3079.00003441051,2980,0,56453.0006309114,275.000003073365,2640.0000295043,2482.00002773851,6,182600.002040714,591.00000660494,3875,600,2911,3631,163,3219
Brooklyn,Canarsie,36047100400,0,17875,39917,51328,63882,8,14,17,19,45,10661.53832,23125,149.8484826,226200,791,1192,480700,2317.00002589449,2307.00002578273,0,1991.00002225116,1948,0,56429.0006306432,267.000002983958,1877.00002097711,1779.00001988187,7,225000.002514571,607.000006783754,2779,487,2098,2567,144,2258
Brooklyn,Canarsie,36047100600,0,21409,44412,49572,83050,6,13,20,25,28,11411.76439,24500,137.4545407,229400,755,985,470600,2418.00005404651,2411.00005389005,0,2045.00004570931,2000,0,48919.0010934249,244.000005453825,1973.00004409999,1806.00004036725,25,191100.004271418,526.000011757016,2581,520,1739,2489,167,2081
Brooklyn,Canarsie,36047100800,0,17500,30735,55375,57375,4,10,18,22,20,10869.56509,26333.33333,123.28125,199900,759,1150,505200,2101.99999216944,2097.99999218434,0,1679.99999374151,1604,1,49544.9998154305,235.999999120831,1511.99999436736,1325.99999506027,1,179999.999329448,526.999998036772,2087,514,1125,2124,212,1640
Brooklyn,Canarsie,36047101000,0,16855,31875,44844,62896,5,10,10,15,25,9883.928916,22500,128.7378662,214900,824,1181,517100,2027.99998489022,2014.99998498708,1,1877.99998600781,1781,5,43332.999677144,231.999998271465,1643.99998775125,1389.99998964369,11,166499.998759478,513.999996170402,2155,648,1004,2318,243,1730
Brooklyn,Canarsie,36047101400,0,17629,36625,48355,55375,7,15,16,24,30,10792.20776,30680,121.5853649,190000,696,1153,414700,2248,2245,2,1775,1666,8,54485,216,1780,1141,81,179400,512,2189,218,1571,2160,120,1727
Brooklyn,Canarsie,36047101600,0,25160,41346,75319,84853,15,17,35,36,30,13138.88904,38906.24904,144.8684204,245500,892,1049,578500,1478.00001101196,1472.00001096725,0,1299.0000096783,1242,3,63571.0004736409,248.000001847744,1168.00000870228,769.000005729496,176,209100.001557916,527.000003926456,1572,203,1192,1464,71,1284
Brooklyn,Canarsie,36047102000,0,25607,41034,58800,87338,10,22,23,40,45,13585.71383,31965.51834,146.9117554,231100,831,1278,494100,2049.99996945262,2049.99996945262,0,1659.99997526407,1592,0,61086.9990897328,262.999996080995,1528.99997721612,1326.99998022616,6,186399.997222424,565.999991565943,2055,284,1553,1922,142,1629
Brooklyn,Canarsie,36047102400,0,19564,31964,49250,52692,7,13,9,24,18,10166.66711,23333.33382,130.5194855,221700,756,1111,579700,1832.99999317154,1819.99999321997,2,1612.99999399111,1515,1,45675.9998298436,245.999999083579,1491.99999444187,1208.99999549612,12,173299.999354407,546.999997962266,2044,453,1141,2123,175,1624
Brooklyn,Canarsie,36047102600,11875,21789,35458,50192,64111,10,17,23,26,26,11875,39200,160.6557284,268500,795,1183,600200,2473.9999700468,2460.9999702042,12,2427.99997060373,2346,10,64347.9992209263,273.999996682629,2163.99997380003,2029.9999754224,6,212499.997427221,597.999992759898,2775,492,2004,2771,99,2474
Brooklyn,East New York,36047111000,0,11250,14265,15722,19005,1,1,3,6,5,6514.184556,24305.55417,94.44055944,0,298,327,450000,4021,3044,942,3898,156,2987,37500,157,3721,32,2949,75000,313,3508,19,2657,3216,21,2435
Brooklyn,East New York,36047112400,0,9823,29097,32284,53276,1,3,8,7,15,5362.5,17500,100.5970124,175800,671,942,448000,5093.00004268903,1157.00000969786,3812,2700.00002263114,34,2019,24444.0002048872,205.00000171829,2551.00002138224,29.0000002430752,1845,94200.0007895753,433.000003629364,3253,17,2521,3416,17,2755
Brooklyn,East New York (Pennsylvania Ave),36047112600,0,9384,20968,21738,30791,2,3,4,6,9,4635.135162,,83.35227338,190900,546,939,470000,4504.99998321757,1900.99999291822,2385,3161.99998822063,56,1637,29999.9998882413,194.999999273568,2693.99998996407,42.9999998398125,1568,162499.99939464,412.999998461455,3626,26,2473,3783,46,2768
Brooklyn,East New York (Pennsylvania Ave),36047112800,0,10322,26162,25802,36786,4,8,6,14,10,5609.374894,18157.89429,89.46078629,165600,638,928,460400,5323.00000991486,1823.0000033956,3382,3827.00000712834,57,2637,28333.0000527743,200.000000372529,3680.00000685453,25.0000000465661,2660,98700.0001838431,437.000000813976,3937,22,2951,3822,46,2933
Brooklyn,East New York (Pennsylvania Ave),36047113000,0,7162,14225,18333,29722,1,7,4,6,15,4359.281447,18750,80.26408411,158200,501,668,399500,7306.00002551591,2827.00000987318,4307,3516.00001227949,13,2631,24583.0000858551,181.000000632135,3059.00001068343,16.0000000558794,2092,87500.0003055902,350.000001222361,3544,16,2672,3891,14,2990
Brooklyn,East New York (Pennsylvania Ave),36047113400,0,4964,8187,11204,15682,0,1,0,6,7,3791.666842,,87.29508528,96400,282,505,337500,2193.99996883934,1044.99998515821,1130,2334.99996683677,10,1578,7499.99989347998,158.999997741776,2534.99996399623,16.9999997585546,1694,52499.9992543599,212.999996974831,2998,50,1883,2838,26,1823
Brooklyn,Cypress Hills-City Line,36047114600,0,10191,18603,31171,39231,3,4,8,9,14,7259.615156,18676.47143,82.61111191,182100,631,943,559300,2288,1950,310,2544,503,358,34545,205,2501,163,469,124400,470,3036,105,833,2998,50,884
Brooklyn,East New York,36047115000,0,7192,19236,22212,32361,1,8,7,4,3,4090.909241,15384.61569,87.20430231,157200,522,1157,350000,3472.99999029655,1656.9999953704,1783,1730.99999516364,146,685,24037.9999328386,192.999999460764,1726.99999517482,87.9999997541308,665,97099.9997287057,406.999998862855,1763,31,814,2595,27,1358
Brooklyn,East New York,36047115200,0,6951,13472,17308,18293,2,2,2,10,6,5432.835816,14821.42898,90.25641135,121400,474,662,409300,3578.00002665818,2026.00001509488,1522,2296.00001710653,76,1182,17115.0001275167,171.000001274049,2198.00001637638,27.0000002011657,1198,98100.000730902,360.000002682209,2525,44,1553,3094,23,2001
Brooklyn,East New York (Pennsylvania Ave),36047115600,0,6281,8367,12349,17624,1,3,0,4,7,3959.677388,,81.45161333,167500,268,384,381000,2349.99999124557,1166.99999565259,1104,3880.99998554215,26,2569,19999.9999254942,156.999999415129,4261.99998412281,20.9999999217689,2784,187499.999301508,275.99999897182,4076,26,2578,4315,48,2643
Brooklyn,East New York (Pennsylvania Ave),36047115800,0,6695,21007,35496,43603,4,6,9,13,12,4221.649475,18437.5,79.61206491,161200,549,955,400000,4471.999966681,1987.99998518825,2353,2399.99998211861,74,1217,23437.9998253733,186.999998606741,2478.99998153001,38.9999997094274,1296,133299.999006838,414.999996908009,2929,14,1934,2983,20,2084
Brooklyn,East New York,36047116000,0,7201,18807,23281,28973,2,2,9,12,14,4318.181631,15000,91.75,151700,404,498,327200,3544,1159,2321,1007,14,778,26250,207,1805,5,1241,123200,310,2604,7,1827,2543,17,1766
Brooklyn,East New York,36047116200,0,10292,24000,40104,42381,0,2,1,11,18,4186.567269,15000,105.8914748,148000,564,646,384100,4659.99995877035,1376.9999878169,3148,1435.9999872949,15,1029,16666.9998525376,210.999998133164,1516.99998657824,13.9999998761341,1096,106299.999059504,423.999996248633,2290,17,1781,2157,12,1711
Brooklyn,East New York,36047116400,0,8078,14583,37875,37865,1,4,5,9,15,4801.886749,15416.66667,92.14286184,145200,581,993,429700,5086.99998104945,1771.99999339879,3272,2215.99999174476,24,1273,24285.9999095276,197.999999262393,2329.99999132007,36.9999998621643,1383,94199.9996490777,414.999998454005,2766,13,1889,2921,10,1965
Brooklyn,East New York,36047117000,0,9411,19273,18250,37679,,3,0,10,8,6196.761112,15856.89079,75.05782418,190800,613,972,378400,1580.03145295382,1478.05397891998,77.0793900489807,1854.35127997398,312.873291015625,270.498867034912,31679.735750615,207.415534758993,2027.62042357028,96.6914359629154,538.167778015137,120844.431001979,463.366251526028,1837,56,492,1880,32,403
Brooklyn,Cypress Hills-City Line,36047117201,8500,9286,17756,37875,44266,8,4,4,11,5,8500,21785.7146,96.875,182600,646,1001,522200,1632.00002735853,1626.00002725795,6,2108.0000353381,491,216,41818.0007010289,221.000003704801,2277.00003817119,137.000002296641,567,168100.002817996,517.000008666888,2914,92,669,2713,77,517
Brooklyn,Cypress Hills-City Line,36047117202,0,10851,20990,29292,38281,2,4,5,8,11,8590.361048,18106.06086,88.70786517,183000,638,1038,478200,2905.99997834861,2876.99997856468,18,3485.99997402728,1038,293,32499.9997578561,200.999998502433,3824.99997150153,330.999997533858,880,145999.998912215,492.999996326864,4287,165,1141,3907,97,988
Brooklyn,East New York,36047119400,0,6700,16875,30250,22455,2,4,5,6,11,5206.451695,15156.25,88.64321615,165100,615,971,422200,5512.0000718683,2280.00002972782,3151,2729.00003558211,49,1569,19750.0002575107,196.000002555549,3179.00004144944,36.0000004693866,1713,80100.0010443851,440.000005736947,3371,49,1946,3914,24,2542
Bronx,Soundview-Castle Hill-Clason Point-Harding Park,36005001600,9900,12689,22739,24552,30355,5,7,10,11,13,9900,23258.92769,145,186800,537,740,378100,1354.99999861975,1184.99999879292,140,5419.999994479,503,1382,44185.9999549906,245.999999749416,5220.99999468171,300.999999693391,1573,162799.999834166,443.999999547726,5237,250,1625,5643,195,1854
Bronx,Mott Haven-Port Morris,36005002701,0,7591,8128,12898,19450,0,1,0,11,13,5588.651904,,73.80376264,187500,248,535,-999,5608.99974925816,3547.99984139204,1809.99987792969,3395.99984818697,31.9999980926514,1267,225000.003352761,137.000002073482,2921.99986937642,19.9999991059303,1172,0,196.000004355322,3033,14,1033,3113,28,1009
Bronx,Mott Haven-Port Morris,36005003300,0,4672,7955,11322,16021,0,0,3,3,11,4456.896542,14375,75.93001793,183900,265,408,335700,7950.99997038022,4517.99998316914,3325,2816.99998950586,28,982,18332.9999317043,115.999999567866,3288.99998774752,35.9999998658895,1170,124999.999534339,269.999998994172,3116,46,650,3413,34,892
Bronx,Mott Haven-Port Morris,36005003500,0,7906,14408,18736,20403,0,2,3,8,8,4466.049103,17916.66667,78.16816747,176600,398,579,-999,4603,2869,1578,3573,117,965,25000,148,2872,39,765,62500,272,3473,24,879,3761,41,909
Bronx,Mott Haven-Port Morris,36005003700,0,2788,14405,23750,23304,0,0,0,9,0,4131.579208,,73.95833333,0,609,1056,-999,368,204,161,49,11,0,,130,78,5,2,71300,350,478,3,174,245,8,78
Bronx,Soundview-Castle Hill-Clason Point-Harding Park,36005003800,0,15019,29187,47647,55625,,4,12,8,25,8050.599041,26527.71268,128.3249523,192200,642,892,472100,1096.80849027935,600.073737584329,472.443027496338,1108.57330320803,76.6178331375122,452.297004699707,47368.5193472933,198.590577867306,973.000003624707,18.0000000670552,439,150000.000558794,403.000001501292,1263,43,440,1264,25,440
Bronx,Soundview-Bruckner,36005004001,0,19762,27788,29545,44432,4,9,9,19,25,10717.94821,26250,109.7222176,173100,595,963,361400,1425.99999468774,1353.99999495596,15,1209.04398740439,604,101.043991908431,48332.9998199455,237.999999113381,1331.99999503791,351.999998688698,202,184699.999311939,475.999998226762,1420,216,262,1420,107,232
Bronx,Soundview-Bruckner,36005004400,0,7444,12832,13185,16086,2,2,6,6,9,4814.606883,23750,81.33690109,180200,234,350,641800,5424.00003536046,3250.00002118759,2092,5665.0000369316,375,2763,43333.000282499,134.000000873581,4964.0000323616,168.000001095235,2398,185000.001206063,212.000001382083,4671,61,1947,4797,101,1683
Bronx,Soundview-Bruckner,36005004800,0,9428,15917,19023,25168,5,4,4,6,7,7398.147595,28750,83.28829447,175000,528,805,230600,3956.00008105487,3443.00007054396,404,3580.00007335097,164,415,42727.0008754376,174.000003565103,4111.00008423068,73.0000014957041,563,167900.003440119,356.000007294118,3678,72,611,3883,69,702
Bronx,Soundview-Bruckner,36005005002,0,7697,17250,20385,26439,,3,0,,9,6778.431424,22386.36415,85.84057434,177000.0015,554.000003,776,-999,5473.90820623934,4085.89514406025,1154.673828125,4976.62793593109,165.577941894531,961.226379394531,41333.0007263446,183.999994602476,5584.29349701107,92.3520502001047,1170.52124023438,132099.996084608,372.999997652817,5868.99995326996,85.248046875,1474.90051269531,5823,60,961
Bronx,Soundview-Bruckner,36005006800,0,15312,23207,25966,35078,5,4,8,11,10,9697.917342,26666.66667,93.08510512,226700,713,988,486100,2648.00000431575,2290.00000373228,276,2917.00000475417,218,688,45833.0000746993,227.000000369968,2588.00000421796,62.0000001010485,860,166700.00027169,489.000000796979,3209,34,1003,2897,44,934
Bronx,Soundview-Bruckner,36005007000,0,13904,30852,32146,46313,4,8,8,13,13,9065.217452,20000,90.94203434,220700,653,968,471800,3304.00002769381,3113.00002609286,124,3451.00002892595,665,434,41364.000346709,217.000001818873,3239.00002714898,308.000002581626,604,171900.001440849,510.000004274771,4160,132,963,4584,116,1064
Bronx,Hunts Point,36005008900,0,6922,9967,13007,18387,,1,0,8,3,4944.444226,,80.83333579,160600,348,619,339500,6003.98945679285,4467.06396419627,1087.82385253906,2341.31636729322,55.8881988525391,167.664596557617,37499.9999870296,157.999997951853,2672.65355141144,33.9321212651191,219.560791015625,120300.00371514,270.999998128776,2886,31,361,3177,45,460
Bronx,Morrisania-Melrose,36005012101,0,5417,14420,21424,38750,1,2,2,10,10,4697.530832,15000,79.44191254,171000,499,833,464400,6874.99991596269,4423.99994592275,2170,1618.99998020998,33,246,28749.9996485712,166.999997958657,1669.99997958657,29.9999996332917,223,83299.9989817734,327.999995990656,2878,47,740,3090,36,949
Bronx,Hunts Point,36005012102,4375,7298,14850,17688,11396,0,2,1,3,14,4375,,79.45701251,225000,288,663,350000,2740.9999489449,2024.99996228144,661,797.999985136092,14,127,,140.99999737367,1308.99997561798,9.99999981373549,120,17499.9996740371,277.999994821846,1619,13,269,1631,11,305
Bronx,Morrisania-Melrose,36005012500,0,5822,21705,27566,32550,0,5,8,13,23,4326.388644,15000,73.56435601,160800,482,863,426400,6680.00004704809,3573.00002516509,2737,1454.00001024071,21,408,25000.0001760782,152.000001070555,1565.00001102249,15.0000001056469,554,123400.000869122,289.000002035464,2271,31,845,3905,37,1216
Bronx,Hunts Point,36005012701,0,5215,6236,12342,15938,1,5,3,6,10,3865.59136,,73.6496351,166400,311,332,340500,5616.99993722513,4434.99995043501,1046,1462.9999836497,70,100,27499.9996926636,147.999998345971,1905.99997869879,27.9999996870756,362,262499.997066334,228.999997440726,2309,42,536,2253,29,503
Bronx,Longwood,36005013100,0,5312,10000,13281,23596,1,1,1,10,11,3867.841303,16875,73.01470723,221900,393,673,434500,9334,3063,5901,2805,48,1419,27500,153,2622,48,1167,69200,248,3519,25,1171,5103,101,1628
Bronx,East Concourse-Concourse Village,36005014300,0,6179,9234,8606,8694,,2,0,,12,4773.584913,,80.19230449,349999.9891,428.0000047,231,-999,1487.61810909491,617.880046484061,838.36474609375,689.341490506195,22.6585063934326,358.1787109375,5000.0000546664,141.000002074491,797.405137564056,16.5581394685432,427.897186279297,38500.0005409629,289.999998288325,711.999978125095,9.58629131317139,340.749084472656,1003,22,539
Bronx,Schuylerville-Throgs Neck-Edgewater Park,36005016200,0,18013,51076,50833,66204,3,6,14,15,25,10012.34607,22641.51009,110,220700,808,914,473900,1780.99995355681,1775.99995368719,0,1467.99996171892,1389,0,49888.9986990429,239.999993741512,1504.99996075407,1398.99996351823,0,187999.995097518,513.999986596406,1719,1209,36,1769,951,83
Bronx,Schuylerville-Throgs Neck-Edgewater Park,36005016600,0,20668,45433,41776,85234,,3,0,,23,12185.3929,26676.4718,119.1999982,218300.0041,727.0000214,970,432400,2152.75676572637,2147.80789959827,.989773213863373,2021.11692671874,1793.46911621094,0,51222.0010652082,253.999997751538,1977.5669047914,1699.44062839181,3.95909285545349,191799.995998278,548.000016853477,2225.99995797873,1257.01196289063,61.3659400939941,2166,822,85
Bronx,East Concourse-Concourse Village,36005017500,0,7083,11711,14172,14446,,2,4,6,6,5608.303189,,85.19454659,219200,320,603,-999,7286.04115253687,3104.88932007551,4026.69213867188,4919,310,3301,50000,174,6263,66,3514,187500,284,6466,37,3056,6911,84,2821
Bronx,East Concourse-Concourse Village,36005017701,0,8003,11943,14931,19182,,2,0,,7,5866.922971,15535.71472,83.98041464,159800.0037,501.9999772,870,517900,5557.13173619267,2097.20650243654,3331.17147064209,3718.72797613329,334.714327216148,2215.56145000458,30032.4171962876,175.882334238565,3529.39463301087,226.671701420212,1921.86608886719,89600.003223198,329.99999377014,3954.00009027123,97.4011611938477,1967.01647949219,4294,101,1779
Bronx,East Concourse-Concourse Village,36005017901,0,5480,15406,17685,23045,,2,0,,10,6116.564863,,83.16519104,223600.0021,519.9999851,872,586400,5953.75346848369,3845.98652641475,1974.82360839844,3333.53971499205,97.2184829711914,1381.556640625,28750.000146301,178.999998196024,3909.23710428178,63.2505778670311,1165.45043945313,0,343.000004496858,4816.99990481138,57.9796943664551,1534.99780273438,4677,55,1049
Bronx,East Concourse-Concourse Village,36005017902,0,5480,15406,17685,19233,,2,0,,11,6116.564417,,83.16519272,223599.9971,519.9999898,804,-999,4212.24660725892,2721.01352251321,1397.17639160156,2358.46032741666,68.7815170288086,977.443420410156,28750.0003101812,179.000005768503,2765.76294545084,44.7494229376316,824.549560546875,0,342.999999811628,3408.00009518862,41.0203056335449,1086.00219726563,3587,37,1364
Bronx,East Concourse-Concourse Village,36005018101,0,7520,20183,22514,34623,,5,0,,15,5781.786874,,92.17479114,172800.004,558.9999835,859,454800,2744.30436428636,1602.6709651202,1085.9609375,2427.31929063797,135.005722045898,1438.78515625,36666.9995562273,188.99999729863,2553.27823318541,59.4999424740672,1293.68884277344,137499.996775362,376.000011936091,2982.99997606874,49.7572593688965,1404.68579101563,3300,35,1472
Bronx,East Concourse-Concourse Village,36005018102,0,7520,20183,22514,35424,,5,0,,16,5781.786811,,92.17479532,172800.0054,559.000004,771,559500,5142.69559164159,3003.32900914177,2035.0390625,4548.68067038059,252.994277954102,2696.21484375,36666.999922581,189.000007211741,4784.72172581032,111.500056570396,2424.31127929688,137499.992881257,375.999990408269,5589.99976843596,93.2427368164063,2632.31420898438,5555,88,2247
Bronx,Westchester-Unionport,36005020200,0,12575,30581,35000,38333,4,6,13,14,15,9705.883218,20178.57286,84.79592014,203600,599,874,509500,1765.99998684227,1751.99998694658,10,1606.99998802692,1273,7,40788.9996960983,188.99999859184,1631.99998784065,824.999993853271,50,164099.99877736,400.999997012317,1824,397,148,2155,253,222
Bronx,Westchester-Unionport,36005020400,0,12620,28588,34024,39375,1,2,6,14,14,8968.750322,20833.33333,84.94186649,211000,690,984,511800,2676.00001993775,2644.00001969934,24,2383.00001775473,1994,13,44500.0003315508,189.00000140816,2490.00001855195,1335.00000994653,55,201300.001499802,442.000003293157,2884,532,285,2976,296,318
Bronx,Westchester-Unionport,36005020601,0,13292,29139,29831,43479,2,5,13,14,24,8990.740741,22321.42683,94.16666667,210800,529,1079,464700,1894.00000088196,1889.00000087963,4,2037.00000094855,1322,48,46750.0000217697,186.000000086613,2133.00000099326,816.00000037998,130,170200.000079256,451.000000210013,2375,457,293,3050,269,390
Bronx,West Farms-Bronx River,36005021601,0,10057,21082,33955,26016,4,6,7,10,10,8792.857143,21666.66667,78.44106437,176000,624,907,141200,3876.99993139599,3813.99993251078,19,3613.9999360498,1869,172,35832.9993659304,184.999996726401,3930.99993044045,768.999986392446,423,149999.997345731,428.99999240879,4339,416,840,4206,255,963
Bronx,West Concourse,36005022102,0,6471,15746,20603,22092,,3,0,,7,5989.406845,17083.33469,85.27027296,137499.9979,538.9999811,778,225000,4101.9521247329,3197.04760155782,804.694946289063,4005.96825603054,162.387802124023,1419.23315429688,37499.9999699154,181.000005371665,4402.55581016839,74.3098794743419,811.317687988281,157500.00729343,373.000010017879,5141.99992632866,98.0646743774414,1015.97442626953,5488,71,710
Bronx,West Concourse,36005022300,0,8431,15601,19677,25597,,4,0,,4,6190.821388,,90.16790777,84999.99967,486.0000101,708,-999,4599.83470106497,4097.93014067411,358.339172363281,4351.75372842327,192.37760925293,1397.75256347656,162499.998862624,188.999992761567,4509.10138236731,70.0599043108523,1223.75122070313,0,360.000011848701,5559.9997125864,64.3172836303711,1512.60473632813,5047,66,922
Bronx,Van Nest-Morris Park-Westchester Square,36005023200,0,12479,30746,30598,51373,3,7,12,14,29,8536.363368,22692.30877,83.14285931,204700,650,1055,419900,2382.99999112263,2336.999991294,25,2137.99999203533,1843,24,40713.9998483285,190.99999928847,2087.99999222159,1456.99999457225,31,181999.999321997,462.999998275191,2333,857,139,2661,679,224
Bronx,Van Nest-Morris Park-Westchester Square,36005023600,0,13549,25788,29669,38913,3,5,12,7,13,7418.604638,20000,78.62903677,169500,558,918,454500,1594.99996434897,1556.99996519834,6,1380.99996913224,1069,28,39999.9991059303,184.999995864928,1479.99996691942,727.999983727932,61,162499.996367842,434.999990276992,1873,426,227,1907,363,270
Bronx,Fordham South,36005023703,0,6554,15476,21369,26439,,4,0,,6,6952.153608,20833.33338,88.42056482,119800.0032,580.0000241,809,41200,3774.18350523803,3551.27870761324,181.813766479492,4272.34195447527,434.551788330078,1415.67065429688,31249.9993032242,195.999999259765,4681.56364102382,119.332871455699,1474.77416992188,112499.997069453,406.999991327934,4859.99992060661,96.2543411254883,1290.14587402344,5253,113,1104
Bronx,Fordham South,36005023704,0,6554,15476,21369,22610,,4,0,,12,6952.153596,20833.33444,88.42056037,119800.0032,579.999969,785,-999,2930.81655096263,2757.72134526819,141.186233520508,3317.65810914338,337.4482421875,1099.32934570313,31250.0014965217,196.000004711694,3635.43642868847,92.6671303212643,1145.22583007813,112499.994514838,407.000018972064,3774.00007939339,74.7456588745117,1001.85406494141,3758,50,875
Bronx,Fordham South,36005023900,0,6448,10077,17548,19246,5,3,6,5,12,6207.60259,20555.55488,82.4,151500,537,814,-999,6978.00009748153,6469.00009037089,392,7871.0001099566,666,1960,36000.0005029142,184.00000257045,7309.00010210555,162.000002263114,1705,98400.0013746321,363.000005071051,8094,110,2064,8348,138,1748
Bronx,Mount Hope,36005024100,5850,4965,9469,19692,25694,4,2,7,8,9,5850,20000,85.25640949,122700,538,761,375000,7062.99997368827,5110.99998096004,1762,5271.99998036027,271,1830,33749.9998742715,183.999999314547,4692.99998251721,96.9999996386468,1261,74999.9997206032,365.999998636544,5955,64,1711,6182,66,1692
Bronx,University Heights-Morris Heights,36005024300,0,7280,11849,21029,25983,4,4,6,9,11,6279.141061,24166.66667,86.27203787,151700,439,735,359600,6398.99997616187,4065.99998485297,2050,3333.99998757988,141,1391,41249.9998463318,191.999999284744,4864.99998187646,58.9999997802079,1672,126399.999529123,299.999998882413,5415,35,1788,5685,56,1615
Bronx,Pelham Parkway,36005024600,0,16300,28889,51350,68600,4,6,13,27,33,10758.24253,25512.82063,131.0869625,234900,674,997,483500,2188.99997681018,2180.99997689493,1,1917.9999796811,1835,1,50731.9994625556,244.99999740452,1803.9999808888,1655.99998245668,4,189399.997993535,476.99999494676,2086,1310,60,2058,914,128
Bronx,Pelham Parkway,36005025000,0,16019,28807,38854,51324,4,8,15,21,24,9857.142683,27037.03632,120.6818092,208500,689,993,474300,2949.00002197176,2934.00002186,4,2539.00001891702,2470,5,51824.0003861189,232.000001728535,2263.00001686066,2182.00001625717,1,188200.001402199,470.000003501773,2297,1860,4,2383,1568,29
Bronx,Van Nest-Morris Park-Westchester Square,36005025200,0,19849,34996,46563,53088,,8,0,20,21,9405.660432,24035.98572,102.8439522,215200,711,1025,480300,2621.85398518521,2552.8377337451,67.0081258164719,2435.95202007624,2289.55438613892,50.2844035625458,49143.9431426271,221.956996844243,2266.02567747321,2027.4985492169,39.2925294041634,192663.309904744,507.633769202363,2417,1803,39,2530,1344,146
Bronx,Van Nest-Morris Park-Westchester Square,36005025400,0,15677,27844,45476,54764,7,8,23,20,34,9166.666667,23605.77011,113.1034462,195100,697,904,476700,2377.00000885502,2353.00000876561,1,2030.00000756234,1972,1,53182.0001981184,218.000000812113,1908.00000710785,1826.00000680238,2,192300.000716373,450.000001676381,1886,1564,16,1959,1339,50
Bronx,Spuyten Duyvil-Kingsbridge,36005028700,0,16201,31169,38446,44709,8,13,20,30,44,9754.545998,29264.70474,91,192400,655,966,465000,3154,3026,64,3020,2347,115,59353,213,2781,1667,118,193500,431,3159,1005,271,3178,832,221
Bronx,Pelham Parkway,36005028800,0,20506,40907,54776,62386,,17,21,31,35,10980.39219,31168.47981,154.2307756,258600,731,1107,526000,2683.17885092064,2649.41263456467,9.8827953338623,2439.40324015559,2281.27856445313,8.23566246032715,62240.0013055089,273.999997370655,2842.99998146575,2618.99998292606,12,216699.998587277,509.999996675178,3066,2475,30,3097,2086,101
Bronx,Spuyten Duyvil-Kingsbridge,36005030100,0,27258,32723,48333,81705,39,26,31,39,56,11310.34492,56562.5,199.0099016,154900,603,388,386300,1458.9999904884,1414.99999077525,11,1332.99999130983,1230,28,133332.999130768,364.999997620471,1494.99999025371,1275.99999168143,59,409999.997327104,410.999997320585,1510,1223,96,1304,945,118
Bronx,Allerton-Pelham Gardens,36005031200,0,16200,47228,50217,70750,9,17,13,28,29,11956.52121,26694.91689,119.3548414,216500,730,1409,462900,1658.99998145923,1644.99998161569,2,1482.99998342618,1415,4,50801.9994322434,222.999997507781,1341.99998500198,1235.99998618662,9,182399.997961521,476.99999466911,1569,987,166,1524,675,224
Bronx,Allerton-Pelham Gardens,36005031400,0,20446,44879,64167,72478,10,18,19,25,31,12425.37296,29300.7,113.1428571,225100,712,985,455600,1866,1856,8,1747,1623,40,58324,237,1673,1450,56,198800,532,2024,1154,183,1966,869,257
Bronx,Bronxdale,36005033000,0,11227,20720,30619,41458,7,13,17,16,17,8857.954303,24583.33456,125.4896901,193200,575,859,450500,4423.99990935624,4332.99991122074,69,4175.99991443753,3546,154,58999.9987911433,196.999995963648,4113.99991570786,2611.99994648248,253,204999.995799735,375.9999922961,5111,1877,836,5696,1821,1038
Bronx,Allerton-Pelham Gardens,36005036000,0,19191,37331,41337,66275,4,12,22,24,24,11653.06414,24463.04767,110.470948,201593.5702,721.6300268,831,469500,2623.00001025153,2594.00001047459,28,2373.00000936165,1858,153,50947.3335508881,226.53043641651,2556.00001007179,1447.00000433112,405,166389.796655698,486.767729244575,2899,838,1058,2706,440,1202
Bronx,East Tremont,36005036502,0,7107,6927,18402,30938,1,2,0,8,13,4809.090909,16875,84.10087761,153200,450,781,462100,3635.99998391513,1591.99999295734,1913,1694.99999250169,23,611,24999.9998894054,169.999999247957,1650.99999269634,9.99999995576218,481,93799.9995850492,305.999998646323,1793,24,583,2423,34,673
Bronx,Williamsbridge-Olinville,36005036800,0,18224,40128,36406,65139,,10,0,,35,12409.09128,23709.67834,99.0476224,200900.0036,715.0000014,1063,337600,1571.49685375625,862.977980566211,678.62353515625,1483.8039411814,370.701843261719,921.772094726563,43448.0013082787,223.000005390221,1405.07962193806,169.406762928702,1032.384765625,152000.002181741,517.000016086823,1563.524702847,57.7975997924805,1313.40063476563,2011,34,1462
Bronx,Williamsbridge-Olinville,36005037000,0,20000,31687,44375,68194,5,11,20,24,25,10198.01983,23964.28499,111.7567584,212600,660,986,415700,2384.00008881092,2078.00007741153,267,2055.00007655472,721,918.000061035156,48776.0018170476,226.000008419156,2184.00008136034,344.000012814999,1365,157700.005874783,538.999979959866,2210,151,1668,2303,89,1634
Bronx,Williamsbridge-Olinville,36005037200,0,13355,24141,34180,52107,6,8,18,12,27,10043.47823,22770.26964,90.35714188,183600,603,968,376100,1728.00003138185,1662.00003018323,61,1640.0000297837,738,470,46296.0008407719,221.000004013535,1738.00003156345,308.000005593523,816,162500.002951128,507.000009207521,2182,260,1249,2222,103,1255
Bronx,Belmont,36005038700,0,7393,20317,17130,29398,5,6,12,18,11,5434.21028,14583.33333,68.49264613,156800,562,877,380500,4380.99995919876,3416.99996817671,877,3126.99997087754,1331,632,33124.9996914994,159.999998509884,2937.99997263774,1029.99999040738,588,109399.998981133,368.99999656342,3392,662,853,3216,450,726
Bronx,Williamsbridge-Olinville,36005039200,0,8409,27292,32440,57000,5,5,10,15,27,8702.127671,19821.42661,95.18181911,233600,675,876,439300,1373.00002813153,1115.00002284534,252,1284.000026308,340,616,44706.0009159856,209.000004282221,1442.00002954528,131.000002684072,883,125000.002561137,455.000009322539,1607,59,1200,1781,50,1223
Bronx,Williamsbridge-Olinville,36005039400,0,12007,23484,30814,35329,7,4,8,7,15,8376.19052,20576.92399,87.84689005,213000,548,849,425000,3765,3351,383,3982,1267,1547,45000,198,4031,656,2235,142000,415,4453,282,2883,4573,168,2834
Bronx,Williamsbridge-Olinville,36005039600,0,17305,22798,24045,41938,5,11,7,11,22,7888.88875,21666.66497,90.078125,210400,611,1090,369700,2990,1106,1865,3023,300,2343,45714,214,3275,70,2743,145700,476,3400,50,2834,3756,44,2895
Bronx,Williamsbridge-Olinville,36005039800,8625,17480,36726,40821,57188,4,11,19,17,27,8625,23177.96725,102.8688529,196200,680,928,397300,2634,315,2269,2656,118,2329,46522,217,2462,36,2303,151500,513,2771,25,2575,3090,26,2702
Bronx,Bedford Park-Fordham North,36005039902,0,7181,18712,16771,24095,6,5,11,8,12,6408.256541,17500,79.37143188,118200,550,785,275000,4519,3990,437,4164,607,1267,30000,188,4902,212,1464,125000,380,4960,122,1373,5279,83,1209
Bronx,Bedford Park-Fordham North,36005040100,0,8637,21367,26779,33950,8,9,6,10,22,8317.647166,,92.60309659,187500,618,879,382100,3192.9999762103,3158.99997646362,11,3789.9999717623,1486,377,32499.9997578561,201.999998494983,3918.99997080117,409.999996945262,850,149999.998882413,413.99999691546,5302,521,1070,4593,130,789
Bronx,Van Cortlandt Village,36005040303,0,10060,18973,26947,25625,,6,0,,15,8014.493174,19218.75072,89.85042038,182999.9952,602.9999907,817,320000,3483.50765646622,3452.22359526902,15.3676090240479,3837.51150685549,1556.51928710938,261.798187255859,26666.999501318,200.999998384756,4183.28270956129,479.140095178038,430.841888427734,118199.9954666,420.999985967003,4697.00014817715,231.06298828125,819.422912597656,4478,171,622
Bronx,Van Cortlandt Village,36005040304,0,10060,18973,26947,32586,,6,0,,12,8014.492822,19218.74913,89.8504309,183000.0046,602.9999883,900,330500,2863.49231988937,2837.7763812989,12.6323909759521,3154.48846709728,1279.48071289063,215.201797485352,26667.0003864641,201.000000305287,3438.71726204455,393.859901569784,354.158111572266,118200.004538991,421.000013595202,3861.00010687113,189.937026977539,673.5771484375,3794,142,539
Bronx,Williamsbridge-Olinville,36005040400,0,15996,38030,37750,48065,5,9,13,14,19,8676.056641,22564.93483,107.4757308,208100,806,1115,452500,2686.99997998029,643.999995201826,2025,2324.9999826774,133,1969,44794.9996662512,230.999998278916,2370.99998233467,75.9999994337559,2065,149999.998882413,516.99999614805,2904,28,2600,3016,46,2475
Bronx,Bedford Park-Fordham North,36005040501,0,10021,19928,24709,29775,,8,0,,16,8254.95001,19671.05345,85.7787829,197499.9947,592.0000197,785,419400,3543.49529284611,3432.03393911012,45.4101829528809,3526.60720894672,1041.43188476563,647.751831054688,35909.0015640384,202.000002921236,4052.38955434784,306.987836215645,952.863220214844,153800.003141992,411.000013466231,4195.00001978874,149.36572265625,1125.12170410156,4397,101,1012
Bronx,Bedford Park-Fordham North,36005040502,0,10021,19928,24709,24441,,8,0,,17,8254.950072,19671.05331,85.77877399,197500.0032,591.9999882,875,360300,5898.50469616195,5712.9660502437,75.5898208618164,5870.39278011373,1733.56811523438,1078.24816894531,35909.0010427773,201.999997868653,6745.61043308163,511.012162832078,1586.13671875,153800.004860746,410.999991144331,6982.99998021126,248.63427734375,1872.87829589844,6863,158,1858
Bronx,Williamsbridge-Olinville,36005040600,0,15075,24136,29773,37045,10,8,11,19,19,7341.463608,17812.5,88.02325064,195800,630,936,426900,3036.99996605888,1717.99998079985,1262,3069.99996569008,530,2212,45199.9994948506,215.999997586012,3078.99996558949,169.999998100102,2543,182499.997960404,478.999994646758,3398,63,2773,3490,48,2677
Bronx,Van Cortlandt Village,36005040701,0,8781,21364,22014,24836,5,7,6,11,15,7585.52659,,85.79439305,187500,616,906,-999,2514,2499,6,2655,1428,262,30000,192,3151,688,392,157500,423,3309,301,415,3347,251,455
Bronx,Williamsbridge-Olinville,36005042200,0,14471,37317,35078,49052,8,9,16,13,20,9839.080097,23240.74041,88.1666643,158800,659,970,411700,2770.99997161236,2240.99997704197,529,2389.99997551553,1077,974,45499.9995338731,226.999997674488,2493.9999744501,534.999994519167,1505,162899.998331163,491.999994959682,2694,239,1945,3086,120,2317
Bronx,Norwood,36005042300,0,11918,23792,35145,37730,,11,0,,18,8370.494799,21862.18242,89.10586316,193289.1757,633.3590533,889,475000,3371.06505484134,3292.55220448971,48.4823580980301,3186.77726595849,2404.72717285156,140.385073661804,39759.4289984971,193.000000244568,3354.10890557617,1721.67504230887,263.085668563843,130178.985612548,415.114913541511,3929.00000538677,921.651662826538,601.293306350708,4100,590,673
Bronx,Williamsbridge-Olinville,36005042400,0,13690,41571,46843,65952,4,10,15,18,22,9090.908922,23074.71391,98.79310345,178000,709,915,358700,2036.99998482317,1066.99999205023,935,2048.99998473376,422,1289,42940.9996800646,217.999998375773,1953.99998544157,171.9999987185,1514,154799.99884665,499.99999627471,2570,101,2092,2481,65,1939
Bronx,Woodlawn-Wakefield,36005042800,0,19107,52062,61600,70313,1,7,8,17,17,8632.978431,24133.33333,126.2337641,196800,828,984,403200,1747.00003904849,1667.00003726035,57,1821.00004070252,740,775,45804.0010237992,232.000005185604,1837.00004106015,296.000006616116,1250,168200.003759563,595.000013299286,2239,114,1819,2173,50,1793
Bronx,Norwood,36005042902,0,10889,25158,28381,29347,,8,0,,11,8250.000436,20833.33276,83.17961613,230000.0005,627.0000004,863,365600,3349.99862857163,3301.50529539585,41.5657157897949,3166.91155433655,2270.27978515625,298.877288818359,43182.0009391561,184.000007718957,3188.68407127261,1331.09251268208,437.429656982422,163799.995245357,408.999997376758,3636.99993342161,554.209533691406,882.776611328125,3845,351,1003
Bronx,Woodlawn-Wakefield,36005043000,0,18958,34306,48580,48990,6,9,18,16,21,10879.12114,22571.4278,105.5696197,203100,619,901,393400,2652.0000115775,2527.00001103181,113,2685.00001172157,1094,1108,46226.0002018031,236.000001030276,2676.00001168228,510.000002226443,1488,168000.000733417,517.000002257002,2961,202,2093,2898,105,2073
Bronx,Woodlawn-Wakefield,36005043400,0,11813,21838,31194,44180,4,7,12,15,13,8622.866505,23190.22344,81.53050079,206950.4348,673.7378741,888,493000,3101.00001494278,3082.00001496752,12,2907.00001325842,1968,437,45816.3441193062,194.409091947649,2963.00001483329,1144.00000601809,998,159641.318029753,441.171719575163,3756,476,2144,3592,216,2274
Bronx,Woodlawn-Wakefield,36005043600,0,17411,50487,55588,51000,3,7,12,15,26,10011.11165,21676.47019,86.625,193800,692,1000,363400,1996.00000185892,1986.00000184961,9,1720.00000160187,1026,421,44085.0000410574,202.000000188127,1604.00000149384,490.000000456348,747,158300.000147428,491.000000457279,2334,194,1578,2032,98,1398
Bronx,Woodlawn-Wakefield,36005045101,0,17500,32267,43106,52988,10,15,24,30,30,9812.5,23706.89662,114.5044987,188900,661,1086,386500,2075.00002318993,2060.00002302229,5,1928.00002154708,1880,11,52500.0005867332,233.000002603978,1964.00002194941,1857.00002075359,20,175600.001962483,455.000005085021,1800,1647,42,1656,1354,57
Bronx,Crotona Park East,36005015300,0,5519,21250,20918,19095,2,4,3,8,10,3905.228912,11666.66667,79.36090136,167900,353,793,326200,13744.9999231938,6725.99996241555,6404,2095.99998828769,17,1408,23499.9998686835,155.999999128282,2452.99998629279,25.9999998547137,1424,107399.999399856,281.999998424202,2962,33,1498,4031,20,1980
Queens,Woodhaven,36081000200,0,19761,33750,38333,50761,5,8,11,26,24,10349.39762,21576.08685,105.7971006,199500,669,1196,478400,2092,2085,1,2001,1839,5,39444,218,2294,1547,36,164200,539,2941,831,132,2829,467,155
Queens,Woodhaven,36081000600,0,18449,35285,45225,49017,1,8,12,12,16,10241.66667,21046.51237,106.2962979,182500,755,1129,455600,2749.00000512041,2742.00000510737,0,2687.00000500493,2461,6,37349.0000695679,221.000000411645,2762.00000514463,1588.00000295788,79,157500.000293367,541.000001007691,3717,765,338,3729,403,367
Queens,Woodhaven,36081000800,0,17917,45250,37201,65404,1,7,13,16,23,10122.09272,21536.31323,101.0810761,178800,779,1293,449200,2744,2731,0,2366,2224,1,39193,207,2516,1903,19,160200,543,3186,974,150,3360,483,219
Queens,Woodhaven,36081001000,0,17769,36106,45694,58537,7,9,15,14,19,8753.731444,21000,98.14516219,189400,744,1055,491100,2631.00001960248,2597.00001934916,13,2395.00001784414,2265,0,39762.00029625,213.000001586974,2587.00001927465,1820.00001356006,16,165200.001230836,563.000004194677,3170,910,135,3502,504,161
Queens,Woodhaven,36081001200,8125,18257,37083,40529,57885,9,18,22,24,21,8125,23091.39876,100.7746558,203400,707,1089,513700,3119.99996513128,3101.99996533245,7,2787.99996884167,2596,0,43888.9995095022,219.999997541308,2913.99996743351,2244.99997491017,7,174599.998048693,505.999994345009,3797,1467,108,3871,879,182
Queens,Woodhaven,36081001400,0,17944,42557,46014,58438,4,15,20,19,23,10224.63757,21875,97.17949151,211900,764,1133,519800,2987.99994990975,2972.9999501612,1,2711.99995453656,2600,1,44178.9992593918,210.999996462837,2489.99995825812,2077.99996516481,16,167799.997187033,510.999991433695,3268,1431,96,3683,782,138
Queens,Woodhaven,36081001600,0,18750,36929,51250,46473,3,8,16,12,20,10440.86039,21229.0499,94.24242679,172900,694,1271,447100,2526,2507,0,2138,1991,0,38571,214,1947,1562,2,160700,504,2688,889,133,2831,442,167
Queens,Richmond Hill,36081002800,0,14531,33281,37135,57778,3,8,12,10,21,9632.652985,20147.0585,91.06383019,202600,719,1012,486300,2173.00002023764,2167.00002018176,3,2148.00002000481,1810,14,39700.0003697351,210.000001955777,2283.00002126209,1356.00001262873,70,169500.001578592,539.000005019829,3083,717,286,3033,439,291
Queens,Queensbridge-Ravenswood-Long Island City,36081003100,0,13073,27892,33819,39554,4,8,17,21,20,7666.666209,12291.66701,76.75,195300,677,1288,653800,593.999989350792,588.999989440432,0,1439.99997418374,816,17,37499.9993277015,187.999996629544,1320.99997631717,603.999989171512,7,212499.996190309,463.999991681427,1736,466,52,1388,373,35
Queens,Woodhaven,36081003800,8600,14388,25139,42908,54947,3,6,10,14,16,8600,22250,94.86487006,232800,696,1060,509100,1995.99998512864,1989.99998517334,1,1757.99998690188,1620,3,42618.9996824637,215.999998390675,1602.99998805672,1163.99999132752,12,172499.998714775,522.999996103346,2213,749,160,2287,440,180
Queens,Queensbridge-Ravenswood-Long Island City,36081003900,0,12353,25000,32097,33750,2,5,5,10,20,6916.666477,11875,80.20408122,221300,732,785,540100,1200.00001173466,1147.00001121638,42,1147.00001121638,740,36,29375.0002872548,173.000001691747,1382.00001351442,472.000004615635,281,187500.001833541,476.00000465475,1516,326,250,1592,349,218
Queens,Woodhaven,36081004001,0,16504,28056,41436,48176,2,10,6,8,14,9196.969428,20192.30952,89.24241914,225300,684,1208,442600,1767.00001151953,1753.00001142826,10,1595.00001039822,1485,4,43333.000282499,216.00000140816,1498.00000976585,1134.00000739284,8,168800.001100451,522.000003403053,1786,684,110,2134,556,204
Queens,Queensbridge-Ravenswood-Long Island City,36081005100,0,11683,25136,36020,34755,4,8,17,23,27,7221.311183,25000,89.5,241500,704,1033,554800,1772.00000041258,1716.00000039954,13,1877.00000043702,1075,21,38750.0000090222,204.000000047497,1952.00000045449,731.000000170199,47,241700.000056275,536.000000124797,2526,589,44,2231,643,39
Queens,Astoria,36081006502,0,12811,28213,37169,55000,,10,0,,36,7433.789405,24062.50044,81.56641488,297299.9954,720.0000192,1134,722100,3753.76792180538,3702.91638591886,5.65017080307007,3909.40444073081,3081.91137695313,6.16382265090942,47931.0015898906,193.999998008138,4010.08020874858,2783.47952494025,27.2235488891602,215200.005071635,510.000018089702,4514.99974250793,2202.025390625,52.3924865722656,3853,2277,65
Queens,Old Astoria,36081007300,0,12954,28617,42019,59886,9,13,30,38,53,8919.811831,30919.11765,103.4705869,200900,755,1184,380000,4854.99990956858,4768.99991117045,11,4254.99992074445,3155,53,47999.9991059303,211.999996051192,4086.99992387369,2663.99995037913,70,253099.995285645,462.999991375953,4881,2464,83,4231,2371,111
Queens,Old Astoria,36081007900,0,13922,28125,33807,42333,1,8,20,22,30,7894.737113,20000,86.21052632,252400,693,1147,486400,2964.9999613408,2936.99996170588,3,2918.99996194057,1844,37,45624.9994051177,212.999997222796,2757.99996403977,1181.99998458847,175,192499.997490086,539.999992959201,3489,884,99,3493,1086,132
Queens,Old Astoria,36081009100,0,13640,29135,41000,64777,4,12,13,35,50,9316.325882,21785.71466,92.89473772,205600,727,1234,645700,1659,1653,1,1824,1260,69,46250,225,1635,916,49,213900,547,2731,1260,91,2796,1459,116
Queens,South Ozone Park,36081009400,0,15000,29330,36341,40385,5,4,13,13,16,8114.285285,22016.12771,92.57575938,210900,691,1080,424200,2349.00000875071,2312.00000861287,9,2156.00000803173,1889,2,39826.0001483634,196.000000730157,2306.00000859052,1447.0000053905,84,163000.000607222,523.000001948327,3105,476,516,2834,236,641
Queens,South Ozone Park,36081010200,0,20072,37169,43594,60448,,9,0,,11,10333.49363,23073.07894,119.5541028,191298.3048,728.0271346,986,452600,2026.61670499202,2012.59596282116,7.01329625118524,1932.60500415997,1525.80722641945,1.2398643642664,42192.3046534244,227.998515528034,2418.60766408907,1113.0998674226,170.500470876694,163297.369830217,581.978375353633,2741.67136037903,428.577057242393,468.023811221123,2677,218,577
Queens,South Ozone Park,36081010400,0,17131,33310,41750,63649,3,5,10,13,15,9666.666667,22471.75099,94.53488414,191400,695,952,467100,2358.00003513694,2352.00003504753,5,2345.00003494322,1888,12,40039.0005966276,199.000002965331,2585.0000385195,1052.00001567602,296,162900.002427399,516.000007688999,3481,406,708,3147,223,771
Queens,South Ozone Park,36081010600,0,14583,37798,45396,49931,3,9,16,8,13,8784.313235,22175,104,199100,714,1029,496700,2428.99998190254,2415.9999819994,1,2383.99998223782,1680,9,41023.9996943474,208.999998442829,2632.99998038262,711.999994695187,358,166299.998760968,559.999995827675,3482,285,629,3427,156,679
Queens,Steinway,36081011100,0,14899,29668,41406,79948,5,10,20,26,42,8806.121748,27101.44888,95.43103846,277900,798,1214,609400,3156.00002939254,3087.00002874993,17,2708.00002522022,2252,1,52600.0004898757,207.000001927838,2609.00002429821,1916.00001784414,22,218000.002030283,514.000004786998,3132,1638,69,3050,1755,52
Queens,Richmond Hill,36081011200,0,15882,40350,43015,45987,6,8,20,13,28,9240.741573,20434.78364,109.8550709,218600,705,1222,590700,1991.99997959286,1981.99997969531,8,1821.99998133443,1616,4,38815.9996023476,234.999997592531,1837.99998117052,1353.99998612888,30,162499.998335261,534.999994519167,2246,703,117,2358,411,235
Queens,Steinway,36081011300,0,12170,32581,33279,52810,5,9,19,27,31,7458.042229,25434.78297,80.83665873,264700,690,1120,574700,5471.99997706711,5449.99997715931,2,4762.9999800385,3627,24,58094.9997565267,190.999999199528,4396.99998157239,2832.99998812703,89,241299.998988723,402.999998311047,5256,2572,74,4234,2486,82
Queens,Richmond Hill,36081011400,0,17589,28147,28571,50556,0,7,3,12,28,8933.333333,20750,102.5,246400,741,1026,458500,1086.00001011416,1023.00000952743,63,942.000008773059,822,42,35000.0003259629,211.000001965091,924.000008605421,575.000005355105,57,147500.001373701,545.000005075708,1120,358,140,1330,171,197
Queens,Steinway,36081011500,0,12018,30325,36684,53703,,10,0,,37,7800.00004,25000.00095,81.75861804,275999.9944,751.0000159,1113,590600,2321.04560696075,2301.65383775092,6.71253538131714,2472.45057425285,1895.17248535156,1.49167454242706,59130.0004826155,201.999999225041,2485.12980796697,1805.67204834575,8.95004749298096,187500.002187048,507.000000989065,2755.99989265203,1464.38208007813,45.6217079162598,2325,1520,32
Queens,Richmond Hill,36081011600,0,19333,32500,41772,34513,3,4,6,5,5,10096.77468,21847.82594,110,196200,772,1148,474700,1637.0000060983,1618.00000602752,3,1413.00000526384,1248,7,41471.0001544915,227.000000845641,1409.00000524893,1037.00000386313,24,163500.000609085,531.000001978129,2066,455,287,2178,260,378
Queens,Steinway,36081011700,0,14447,33529,41067,56974,2,7,17,31,43,7344.26244,24519.23136,88.88489632,272000,820,1245,649300,4399.9999569729,4383.99995712936,0,4142.99995948607,3530,17,60499.9994083773,205.999997985549,3912.99996173522,2989.99997076113,25,210499.997941544,585.999994269572,4366,2729,41,3848,2664,48
Queens,Steinway,36081011900,0,13786,29120,37500,48250,2,12,17,35,31,7132.353383,28750,81.60919253,284600,720,1105,580100,2039.99997720122,1997.99997767061,5,1880.99997897819,1534,0,58437.9993469045,193.999997831881,1836.99997946993,1482.99998342618,8,217899.997564778,535.999994009733,1975,1225,6,1701,1176,25
Queens,Steinway,36081012100,0,15864,31170,44375,48197,6,9,16,33,39,9313.725578,27391.30462,97.15908813,308000,813,1217,727300,2333.0000173822,2331.0000173673,0,2300.00001713634,2099,2,59184.0004409552,212.000001579523,2183.00001626462,1845.00001374632,7,248800.001853704,600.000004470348,2570,1942,18,2064,1548,27
Queens,Richmond Hill,36081012400,0,15787,31386,44438,47179,5,11,21,16,18,8868.421083,22500,99.01785997,236100,729,1102,593000,1962,1941,0,1864,1458,18,41222,221,2249,1011,116,176300,531,2936,555,275,2914,284,343
Queens,Richmond Hill,36081012601,0,15687,31333,44722,54130,6,6,19,17,23,10227.27198,20900,94.85714119,195800,797,987,391100,1696,1685,3,1613,1442,0,36964,205,1749,1054,45,160800,522,2434,479,242,2413,265,309
Queens,Richmond Hill,36081012602,0,17066,31568,46466,53958,8,9,9,19,10,8314.814225,21024.58993,101.0294144,211400,672,1009,522300,2230.99999168888,2221.99999172241,0,1850.99999310449,1658,1,38305.999857299,205.99999923259,1824.99999320135,1174.99999562278,25,159899.999404326,508.999998103827,2536,498,262,2578,305,274
Queens,Richmond Hill,36081012800,0,17594,45913,47969,54207,10,17,23,23,28,8445.946548,24090.9078,84.14634196,240100,728,907,548600,1029,1029,0,1671,1499,10,49333,212,1745,1249,19,183800,543,2073,884,119,2030,679,156
Queens,Richmond Hill,36081013000,0,21912,36667,38598,86103,12,20,24,25,40,9642.857326,29666.66597,101.3333382,267600,697,1065,586500,1374.00000383891,1367.00000381935,5,1249.00000348967,1145,0,56145.0001568673,210.000000586733,1210.0000033807,996.000002782792,15,218800.00061132,548.000001531094,1670,790,68,1745,720,99
Queens,Kew Gardens,36081013600,0,17033,30282,58281,46250,18,23,36,35,39,8462.962804,34200,126.6101641,256000,754,959,236600,1867,1824,19,1973,1547,57,66000,259,1515,1042,44,238100,517,2181,1156,80,1972,1038,129
Queens,Kew Gardens,36081014000,0,17537,36201,41896,62563,,21,0,,37,10184.3554,24175.74136,125.0072473,236652.151,805.922194,1145,515400,2886.95967603195,2811.64926782157,6.17504231631756,2977.87098771008,2372.99687480927,54.2777338325977,47274.0032510674,255.013233618565,3337.00183541654,2386.0657944032,93.4854507148266,192867.799778715,582.73326926272,4191.41603485961,2417.63854646683,168.574138820171,3705,1954,228
Queens,Astoria,36081014300,0,11163,27043,34515,56115,3,4,13,23,30,7727.777604,26666.66667,77.75793358,288000,729,1137,803200,4171,4153,3,3931,2953,12,50000,187,3957,2535,21,263200,507,4509,1999,92,4065,2166,93
Queens,Astoria,36081014500,0,15179,34613,37813,60405,5,7,14,24,42,8544.77651,28050.84776,97.19512483,296600,729,1349,599200,2476.99995126703,2441.99995195563,0,2249.99995573307,1996,0,54908.9989197099,209.99999586842,2233.99995604786,1787.99996482255,2,213999.995789723,562.999988923431,2282,1452,47,2246,1495,41
Queens,Astoria,36081014700,0,13465,26399,44125,52739,2,6,17,26,45,8425.373233,25000,84.26229855,306500,782,1175,786400,3170,3152,2,3093,2736,2,59828,195,2884,2385,9,210000,525,3268,2215,19,3054,2076,56
Queens,Astoria,36081014900,0,13285,31380,44630,46266,4,4,12,20,40,9088.71027,31666.66588,85.29914976,320000,803,1104,531300,2900.00004861504,2846.00004770979,0,2752.000046134,2370,1,50000.0008381903,199.000003335997,2678.00004489347,1926.00003228709,13,175000.002933666,528.00000885129,3133,1602,23,2674,1393,33
Queens,Astoria,36081015300,0,15335,35743,40665,55182,5,12,23,19,39,8462.963092,22666.66527,95.69999866,242100,738,1154,662000,2097.99997368321,1992.9999750003,3,2094.99997372084,1486,4,44999.9994355312,208.999997378356,2368.99997028385,1399.99998243875,16,199999.99749125,603.999992423574,2622,1198,36,2145,1144,73
Queens,Richmond Hill,36081015400,0,18194,24924,41848,64232,6,7,7,15,18,9444.444318,19950,100.8474602,202600,730,1076,484100,1482.99999447539,1479.99999448657,1,1645.99999386817,827,77,39910.9998513199,222.99999916926,1845.99999312311,377.99999859184,474,158299.999410287,544.999997969717,2362,143,401,2333,96,488
Queens,Richmond Hill,36081015600,0,13352,38611,42583,67115,3,3,10,12,24,8810.344278,21309.52439,107.2727273,191400,728,1108,491900,2052.99998470396,2041.99998478591,7,2351.99998247623,1171,149,38531.9997129142,221.999998345971,2555.99998095632,535.999996006489,780,158599.998818338,602.9999955073,3429,224,657,3218,124,803
Queens,South Ozone Park,36081015802,0,17889,35125,42329,50417,,7,0,,24,8223.926557,20907.53548,104.5061735,192400.0004,632.999976,1017,490200,3799.90456756856,3018.41158927605,729.953674316406,3898.50153113808,964.681640625,1261.03271484375,37740.9983212218,220.999999198284,4229.58565312438,434.722975738347,1658.2216796875,157000.002899297,569.000007515156,4908.00024062395,215.120666503906,1648.13793945313,4398,133,1229
Queens,Astoria,36081016100,0,13014,26625,45265,47606,,8,0,,22,8635.146569,27498.73997,87.9829125,283363.4593,778.9615948,1073,689900,2094.26746268198,1985.23952933215,3.55328178405762,2269.60822969303,1275.17704057693,44.3674383163452,54983.1158477941,213.468413228248,2349.38534838334,913.064204804599,84.0740780830383,238828.107384036,539.670325544229,2922.98443290219,803.729236841202,75.0839667320251,2377,714,57
Queens,South Ozone Park,36081016400,0,18133,40481,55625,51964,3,7,8,12,10,9634.146455,21126.54257,114.52381,178000,767,1296,445400,2309.9999806378,2117.99998224713,172,2659.99997770414,707,676,37339.9996870197,228.999998080544,2855.99997606128,285.999997602776,1212,155399.998697452,598.99999497924,3607,117,1226,3313,71,1257
Queens,South Ozone Park,36081016600,0,17783,38871,42791,48795,4,8,12,14,15,10087.91216,20925.9265,95.75,184000,732,1141,496600,2245.99997489899,2213.99997525662,0,2565.99997132272,1484,146,37673.9995789602,204.999997708946,3112.99996520951,732.999991808087,640,158499.998228624,540.999993953854,3723,225,825,3278,117,853
Queens,South Ozone Park,36081016800,0,17679,35893,45296,50868,1,7,7,10,12,7804.877641,20935.48434,97,171600,664,1066,466100,1976.00001518242,1947.0000149596,21,2113.00001623505,965,252,38228.0002937214,202.000001552049,2215.00001701876,527.000004049158,428,152700.001173257,544.000004179776,2943,266,855,2684,111,711
Queens,South Ozone Park,36081017200,0,18854,34091,38438,58261,,13,0,,22,8572.917484,21637.326,109.4444345,179700.0052,644.9999932,1097,404900,2180.56506777136,974.358818092151,1184.220703125,1888.75709353248,212.859924316406,1275.16088867188,38146.9996220593,211.99999824047,1948.7176361843,91.9394987327978,1385.08850097656,144299.996696237,556.999993843039,2228.53351175785,40.9730377197266,1337.1201171875,2101,29,987
Queens,South Ozone Park,36081018000,0,9237,30781,50278,48438,3,0,3,11,23,9107.84296,18620.68931,120.3846118,170800,644,765,463600,1111.99999275059,214.99999859836,888,858.999994399957,25,783,32104.9997906992,223.999998539686,888.99999420438,21.9999998565763,753,128399.999162927,539.999996479601,1099,14,874,1090,48,597
Queens,Hunters Point-Sunnyside-West Maspeth,36081018501,0,14391,30842,38482,59018,,17,0,,30,8330.986383,23749.99922,98.3684281,71799.997,745.0000231,1121,208300,2979.40518744546,2904.32173650968,9.38543128967285,3142.71169323078,2124.39233398438,85.8766937255859,52999.9994573436,223.000008687944,3220.14150200831,1757.42202346562,76.4912643432617,179200.006264804,469.000004292615,3626.9999679625,1391.85949707031,96.6699447631836,3611,1352,125
Queens,Hunters Point-Sunnyside-West Maspeth,36081018502,0,14391,30842,38482,52926,,17,0,,31,8330.985806,23750.00069,98.36842161,71799.99862,745.0000044,1131,288100,3369.59479925036,3284.67825052142,10.6145687103271,3554.28829273582,2402.60766601563,97.1233062744141,53000.0002705584,222.999991437625,3641.85848361254,1987.57796868682,86.5087356567383,179199.993753108,468.999994352705,4101.99980169535,1574.14038085938,109.330047607422,3633,1432,90
Queens,Baisley Park,36081019000,0,12652,40577,38241,60305,3,2,10,14,14,7342.592908,17656.25,111.7948627,141400,702,1137,346100,2115.99998029321,84.9999992083758,2007,1860.99998266809,32,1776,31099.9997103587,202.999998109415,1794.99998328276,21.999999795109,1656,112899.998948537,478.999995538965,2226,16,2076,1969,12,1523
Queens,Briarwood-Jamaica Hills,36081023000,10750,14978,36685,49500,69306,13,23,22,26,39,10750,26067.41587,116.4516163,218300,711,1137,609000,1476.00001305901,1437.00001271395,20,1349.00001193536,992,42,56935.0005037361,257.000002273824,1553.00001374027,909.000008042436,80,200000.001769513,636.000005627051,1742,558,119,1795,557,126
Queens,Briarwood-Jamaica Hills,36081023200,0,20094,36701,47131,66311,,31,0,29,34,11509.73348,28249.73178,160.298956,227900,747,1138,546000,3696.67176320707,3318.90690718916,173.092876054347,3469.29479906921,1859.86957931519,568.606426000595,56731.4104237416,282.173572122319,4263.79194730085,1577.40604226245,658.409530758858,198903.882949128,550.970719221625,5011,1191,724,5090,994,778
Queens,Woodside,36081024700,0,16189,30089,44000,64474,,16,0,,23,8749.999892,28750.00037,112.727273,286600.0035,728.9999738,1279,588400,1100.22885454353,1065.69252278656,0,1029.18268635776,656.190307617188,.986752331256866,61249.9984221761,229.000001640884,1087.40107417665,408.51546706818,0,267900.004500748,553.000004123451,1482.10200154781,326.615020751953,11.841028213501,1509,221,8
Queens,Woodside,36081025900,7810,15167,29627,36091,52188,10,18,25,21,25,7810,22884.61559,109.6774242,258300,724,1170,275600,2495.00000943983,2427.00000918255,9,2568.00000971602,1402,12,57826.0002187846,240.00000090804,2729.00001032517,992.00000375323,10,221700.000838802,533.000002016604,3365,647,28,3516,537,45
Queens,Woodside,36081026100,0,12591,27391,36104,46675,4,10,20,20,28,7546.511628,24886.36364,82.5176133,252000,662,1017,565700,5139.00000119652,5040.00000117347,8,5582.00000129966,2602,64,55000.0000128057,200.000000046566,6581.00000153226,1874.00000043632,98,212000.00004936,476.000000110827,7233,972,74,7414,609,60
Queens,South Jamaica,36081026600,0,11010,13977,16010,24762,5,5,7,9,15,5656.25,18685.34624,141.5853705,160100,280,284,463500,1268.99998020404,34.9999994540121,1222,1269.99998018844,11,1231,33787.9994729189,223.999996505678,1753.99997263821,15.9999997504056,1663,110799.998271558,187.999997067265,1799,9,1681,1755,18,1504
Queens,Elmhurst,36081026901,0,12131,26680,31733,39707,,20,0,,21,8457.207169,26000.00021,115.5814024,126800.0036,713.000015,1118,476400,3362.35312385112,3133.08897216618,12.9559593200684,3924.52910267562,1326.57763671875,39.4311790466309,58182.0014535951,236.999993583021,4481.07205566019,742.43280570209,55.7669563293457,226299.992433388,519.99998598342,5921.999987185,354.880615234375,63.0898895263672,5304,239,49
Queens,Elmhurst,36081026902,0,12131,26680,31733,35298,,20,0,,24,8457.207474,25999.99972,115.581401,126799.9954,712.9999807,1017,360500,2606.64689838514,2428.91104855388,10.0440406799316,3042.47092327848,1028.42236328125,30.5688190460205,58181.9986213132,237.00001029911,3473.9279739745,575.567199207842,43.2330436706543,226300.011690762,520.00002251611,4591.000012815,275.119384765625,48.9101104736328,4444,216,51
Queens,South Jamaica,36081027000,0,11824,32976,47614,62604,2,3,5,10,16,6803.03044,19692.98182,136.0909083,151400,723,929,357600,1405.99999320728,37.999999816413,1351,1406.99999320245,7,1353,32646.9998422746,233.999998869491,1346.99999349233,10.9999999468564,1259,107199.999482092,470.999997724488,1468,18,1321,1647,17,1325
Queens,Elmhurst,36081027100,0,13497,28237,34206,36532,14,15,16,20,25,8364.780357,30434.78261,130.3919471,101100,682,1066,155900,6030.0000224635,5544.00002065301,86,6601.00002459064,1805,185,57500.0002142042,245.000000912696,7442.00002772361,1039.00000387058,219,248200.000924617,499.00000185892,8911,673,175,8726,475,103
Queens,Baisley Park,36081027200,0,17542,32958,31756,46823,3,5,5,7,20,5976.190722,18511.90361,114.8888839,134500,628,858,341500,1839.99999143183,92.999999566935,1739,1354.99999369029,14,1291,31837.9998517428,217.999998984858,1608.99999250751,10.9999999487773,1524,111999.999478459,466.999997825362,2184,33,1953,1846,11,1484
Queens,Jackson Heights,36081027300,0,12569,24916,35310,48953,10,7,10,13,14,9484.496383,27222.22311,92.71999823,71400,710,1005,223200,6389.00004760176,6134.00004570186,136,6959.00005184859,1702,283,46000.0003427267,222.000001654029,7690.00005729496,925.000006891787,347,257400.001917779,468.000003486872,9459,529,295,8631,312,200
Queens,Baisley Park,36081027400,10340,12644,33368,41270,59261,3,4,5,8,16,10340,21117.64653,140.2173954,157000,725,739,409900,1801,64,1735,1673,22,1607,36429,234,1681,14,1578,126000,519,1834,29,1703,1735,15,1389
Queens,Jackson Heights,36081027500,0,16040,31732,36048,46500,12,13,16,18,20,10215.9092,27205.88374,99.55055998,67500,728,966,201100,5035.00003047986,4890.00002960209,31,5308.00003213249,2339,137,53293.0003226143,230.000001392327,5618.00003400911,1400.00000847504,172,236100.001429254,512.000003099442,7115,897,204,6887,560,142
Queens,Jackson Heights,36081027700,8524,14990,25876,38074,39994,10,18,14,17,19,8524,30200,110.4081615,63200,675,1016,207100,6335.00004719943,6094.00004540384,61,6760.00005036592,2756,167,57105.0004254654,227.000001691282,7315.000054501,1852.00001379848,193,245500.001829118,449.000003345311,9360,1201,238,8757,996,190
Queens,Jackson Heights,36081027900,0,15483,33262,42822,43984,16,17,22,23,22,9928.571568,32761.19223,137.9895162,70700,722,1043,231100,4969.99996297061,4864.99996375293,38,5040.99996244162,2810,38,62038.9995377734,243.999998182058,5333.9999602586,2061.9999846369,61,258599.99807328,479.999996423721,6763,1325,118,6317,1104,148
Queens,St. Albans,36081028000,0,15129,29130,47596,65781,3,14,11,14,25,6895.522465,19226.19172,115.2173923,159000,766,1094,373700,1633.0000121668,37.0000002756715,1573,1271.00000946969,18,1229,35000.0002607703,226.000001683831,1322.00000984967,10.0000000745058,1259,123600.000920892,510.000003799796,1698,7,1616,1551,12,1391
Queens,Jackson Heights,36081028100,0,15582,28069,41962,58763,14,19,25,27,39,8603.174737,35489.12977,112.8148142,73300,697,919,268200,5289.0000985153,5165.00009620562,28,5159.00009609386,3541,48,64789.0012067892,233.000004339963,5027.00009363517,2611.00004863366,44,285000.005308539,452.000008419156,6120,1906,136,5722,1514,131
Queens,St. Albans,36081028200,10675,16504,32344,51714,72635,4,12,13,15,27,10675,19563.95385,126,153600,708,1135,327600,1440.9999812115,53.9999992959201,1378,1289.99998318031,18,1204,36201.9995279796,240.999996857718,1267.99998346716,10.9999998565763,1197,121299.998418428,531.999993063509,1318,3,1262,1545,3,1407
Queens,Jackson Heights,36081028300,0,13816,32861,40025,41350,11,19,28,22,35,8435.028551,,111.6346154,67400,729,1095,229700,6509.99995149672,6339.99995276332,11,6442.99995199591,4209,20,21249.9998416752,225.999998316169,6291.99995312095,3100.99997689575,60,87499.9993480742,460.999996565282,8241,2060,145,7415,1667,143
Queens,Jackson Heights,36081028500,0,16745,34521,46276,66563,22,26,30,36,44,9896.039614,30384.6162,123.2333265,103300,684,945,350000,4530.99996624142,4447.99996685982,29,4417.99996708333,3420,41,54772.9995919093,246.999998159707,4511.99996638298,2766.99997938424,45,229199.998292327,440.999996714294,4979,2153,62,4729,2008,89
Queens,Jackson Heights,36081028700,0,15214,33951,37895,43811,17,18,30,30,37,9725.000418,26428.57107,131.8719445,77500,709,1022,284700,5928.99999033683,5779.99999057967,43,5658.99999077688,3848,54,47499.9999225838,247.999999595806,5767.99999059923,3098.9999949492,90,262499.999572174,446.999999271473,6545,2228,132,6232,1946,171
Queens,Jackson Heights,36081028900,0,16678,37099,41639,52549,19,22,32,39,39,10309.27811,32105.26289,130.9433898,165300,779,1104,461300,4167.00003880821,4033.00003756024,24,4217.00003927387,3021,36,61061.0005686749,245.00000228174,4165.00003878959,2202.00002050772,59,235900.00219699,465.00000433065,5484,1561,82,5176,1298,77
Queens,Jackson Heights,36081030903,0,18572,40281,48398,51250,,13,0,,19,10829.70948,29313.43321,140.4950662,261799.998,778.9999635,944,627700,4659.82092403807,4494.36124361493,.626741230487823,4452.36958229542,3092.9677734375,3.76044726371765,61338.9985522088,254.999995193583,4879.8070900552,2307.66114893183,36.3509902954102,234000.006613644,687.999995991473,6614.000205338,1635.79455566406,80.2228775024414,6743,871,81
Queens,Jackson Heights,36081032700,0,17917,33902,39881,54741,9,15,18,14,17,8302.63211,26180.55556,120.3982328,280000,778,1295,767900,2361.99997800216,2294.99997862615,3,2644.99997536652,1540,11,59218.9994484801,241.999997746199,2901.99997297302,1003.99999064952,23,227299.997883104,659.999993853271,4285,614,42,4255,461,62
Queens,Jackson Heights,36081032900,0,19688,40952,47917,60738,7,10,19,17,23,11161.01651,26891.38726,143.125,215400,860,1437,540600,2659.0000006191,2565.00000059721,66,2387.00000055577,1468,82,55019.0000128101,243.000000056578,2600.00000060536,971.000000226079,139,221400.000051549,667.000000155298,4067,664,248,4018,475,186
Queens,Jackson Heights,36081033700,0,16517,37417,34427,40163,9,11,21,11,16,10518.51849,26036.03532,119.53125,228500,886,1231,616500,2414.99998875428,2337.99998911284,0,2401.99998881482,1251,14,55794.9997401843,261.999998779967,2503.99998833984,776.999996381812,45,209099.999026302,709.999996693805,3860,457,96,3619,252,17
Queens,Jackson Heights,36081033900,0,16929,32281,38281,58158,11,16,21,17,25,10131.94465,27636.36284,118.6764725,151300,795,1290,224300,2820.99999310344,2772.99999322079,8,2651.9999935166,1503,95,56817.9998610958,242.999999405933,2684.99999343592,1034.99999746971,108,226499.999446271,648.999998413376,3703,672,180,3400,488,129
Queens,Jackson Heights,36081034700,0,18949,29883,42321,60394,5,12,11,10,15,8189.189173,23242.18675,134.0109829,222000,790,1137,551300,2667.99999720464,2200.99999769393,417,2269.99999762164,702,625,47595.9999501319,240.999999747495,2673.99999719835,478.999999498134,705,210099.99977987,640.9999993284,3436,352,648,3268,232,383
Queens,Jackson Heights,36081035100,0,16735,31305,36250,58059,9,15,17,20,27,9833.333078,20059.52361,98.30986163,66900,671,1167,234900,3947.00004411116,3874.00004329532,35,3417.00003818795,1832,215,42200.0004716218,202.000002257526,3596.00004018843,1277.00001427159,228,201000.00224635,384.000004291534,4288,695,318,4240,543,210
Queens,East Elmhurst,36081035300,0,13190,42232,34135,57899,5,3,16,9,16,8218.75,19812.5,110.4225416,181700,683,1087,524300,1935.00002522953,917.000011956319,957,2052.00002675503,193,1065,38603.0005033258,214.000002790242,2181.000028437,125.000001629815,848,175900.002293475,536.000006988645,2658,105,679,2690,83,383
Queens,East Elmhurst,36081036100,0,16083,30168,35000,36055,9,10,16,12,10,7227.94147,21891.89189,96.07843079,192500,730,748,432800,1953.99999454059,354.999999008141,1550,1724.99999518041,78,1444,46749.999869382,206.999999421649,1717.99999519996,85.9999997597188,1246,171699.999520276,510.999998572282,2246,94,1172,2426,63,689
Queens,East Elmhurst,36081036300,0,11078,24728,50094,51399,6,5,10,7,11,7589.743613,19861.11111,118.1818212,193100,770,1077,395100,1759.9999795109,190.999997776467,1520,1540.9999820604,45,1332,38815.9995481223,217.999997462146,1561.99998181593,36.9999995692633,1137,153399.998214189,546.999993632082,2179,45,1109,2397,44,559
Queens,East Elmhurst,36081036500,0,8705,26454,35625,62083,6,4,9,8,10,5898.148173,18750,106.603778,216800,760,1106,686100,2533.00003184704,65.0000008172356,2453,1963.00002468051,23,1793,40882.0005140034,217.000002728309,2356.00002962165,19.0000002388842,1700,173200.002177618,562.000007065944,3184,54,1295,3885,75,600
Queens,East Elmhurst,36081036700,0,16935,27135,42976,58047,6,12,14,15,14,9122.223051,21250,117.3972578,206900,758,1206,510600,2251.00002725329,170.000002058223,2072,2029.0000245655,30,1850,42213.000511081,237.000002869405,1973.00002388749,23.0000002784655,1711,168900.002044905,548.000006634742,2822,45,1912,2676,61,1105
Queens,East Elmhurst,36081037100,0,18373,33083,49209,61346,,15,0,,21,10072.2195,24386.59064,121.2347625,212331.7949,708.9229452,1439,550200,1099.3857147278,62.0270197393965,1024.19445043802,1152.54835685733,42.1328176259995,1025.28884387016,52414.6846451243,256.503728634986,1055.50371905669,39.0577652375453,938.691602379084,177728.470243057,605.886526881887,1562.000007689,108.202247619629,1048.62921524048,1597,58,676
Queens,North Corona,36081037500,0,13300,19375,38594,45043,4,9,6,15,9,7377.907028,22656.25,100.7563015,285100,721,1061,627500,2282.00001062639,1698.00000790693,509,2644.00001231208,404,541,45556.0002121367,220.000001024455,2873.00001337845,140.000000651926,368,175000.000814907,530.000002468005,4073,123,329,3783,80,158
Queens,North Corona,36081037700,0,8112,23583,27708,44632,4,5,12,6,13,5777.777658,17812.5,100.2380977,219100,694,1136,614800,2279,194,2052,2262,60,1812,40000,215,2361,51,1219,133300,542,3579,82,948,4227,102,436
Queens,North Corona,36081037900,0,9836,25990,32451,53500,2,4,3,8,6,5690.476159,19416.66667,101.8421023,214900,749,1528,600200,3137.99998831004,534.99999800697,2563,2726.99998984113,80,1845,42272.9998425208,205.99999923259,3038.99998867884,127.999999523163,1203,163799.999389797,562.999997902662,4631,87,952,6214,85,534
Queens,St. Albans,36081038400,0,20045,36937,57708,71923,,16,0,23,21,9705.88304,21378.20388,133.8888901,168200,741,745,433800,2632.83253567588,204.578203785626,2387.73413085938,2456.91504643027,69.181037902832,2260.2431640625,39678.9988485931,244.999989751314,2273.09115317362,26.6841135372556,2155.4833984375,140600.00100811,611.000013060251,2608,25,2484,2333,22,2176
Queens,St. Albans,36081039400,0,15562,39643,48493,65885,,7,13,16,26,9172.304752,21455.08877,127.7760758,174400,685,1018,409200,2865.8328495482,88.0132198165363,2737.62606811523,2698.35692939615,43.6317281723022,2585.35600280762,39973.5854044406,213.141653160254,2567.99998565018,14.999999916181,2437,145599.999186397,529.999997038394,2857,11,2735,2814,2,2598
Queens,Corona,36081039900,0,12347,21778,32340,61932,6,8,10,8,16,7448.275983,22734.37445,140.882357,265500,722,1146,590800,1501,1313,129,2263,421,390,40652,223,2880,298,351,201700,509,3589,135,222,4132,105,172
Queens,St. Albans,36081040000,0,15861,40583,47222,46970,13,12,15,20,18,8734.375389,23253.42379,107.5,203100,808,950,462900,1392.99999286467,72.999999626074,1318,1292.9999933769,8,1251,45655.9997661375,220.999998867977,1247.9999936074,10.999999943655,1161,151699.999222951,493.999997469597,1416,2,1328,1267,5,1154
Queens,North Corona,36081040100,0,12393,23333,36517,42816,1,6,8,7,7,7333.333333,19513.88862,99.61039447,267200,731,1137,654400,3667.00004525087,3056.00003771111,521,4083.00005038432,724,365,41000.000505941,224.000002764165,5019.00006193458,411.00000507175,351,197300.002434687,629.000007761875,6758,229,251,7527,110,157
Queens,St. Albans,36081040200,12000,18162,40117,47955,92576,5,12,17,15,27,12000,23333.33333,116.4864924,174500,634,966,447400,1621.00001962576,133.000001610257,1461,1369.00001657475,26,1297,45291.0005483469,230.000002784655,1279.0000154851,13.0000001573935,1217,150000.001816079,521.000006307848,1453,2,1360,1368,5,1256
Queens,North Corona,36081040300,0,12166,27306,35551,53643,2,6,9,7,10,6673.07716,20760.86935,96.16666667,235800,808,1229,647200,2719.00001012906,2234.0000083223,427,3480.00001296401,756,127,44412.0001654476,231.000000860542,4151.00001546368,367.000001367182,157,203100.000756606,611.000002276152,6412,233,118,6777,139,87
Queens,Corona,36081041100,0,14760,26037,35938,36087,3,4,6,10,7,8991.071274,22682.92737,112.03125,220500,796,1190,567600,2276.99995758757,2204.99995892867,18,2421.99995488673,749,17,43064.9991978519,240.999995511025,2874.99994644895,338.999993685633,39,209399.996099621,656.999987762421,3623,201,29,3947,80,30
Queens,Corona,36081041300,0,13443,29839,36744,45411,4,2,8,9,10,7322.580139,21203.70395,91.62790576,251300,725,1144,572100,2271.00003595557,2218.00003511645,23,2053.00003250409,1246,26,46923.0007429076,218.000003451481,2817.00004460011,856.000013552606,42,219100.003468897,600.00000949949,3536,396,35,4464,209,33
Queens,Corona,36081041500,0,13281,31411,36741,50227,3,9,15,13,14,7955.356506,18571.42724,98.05555208,292200,743,1316,615700,2016.99999248609,1967.99999266863,15,2226.99999170378,1168,23,41249.9998463318,224.99999916181,2580.99999038503,785.999997071922,68,207699.999226257,625.999997667968,3604,524,82,4278,320,54
Queens,South Jamaica,36081043400,9340,16436,43629,31645,53750,11,14,19,11,32,9340,21192.30848,133.695651,167700,733,1750,381200,1589.99999481719,42.999999859836,1527,1497.99999511708,24,1420,38706.9998738295,214.99999929918,1510.9999950747,18.999999938067,1431,136299.999555713,505.999998350628,1635,9,1494,1956,26,1666
Queens,Corona,36081044301,0,14868,24951,31361,31991,,14,0,,17,10756.75666,23999.99861,169.8224886,239000.002,731.9999799,939,638000,1960.45910031348,1808.39680145681,52.7312812805176,2089.63030041754,534.670654296875,377.294372558594,44906.0000687997,277.999996273495,2533.96287799068,338.052476221696,385.469757080078,192899.997134036,515.000001724534,3411.99991416931,235.451293945313,500.742767333984,4033,229,372
Queens,Corona,36081044302,0,14868,24951,31361,42688,,14,0,,13,10756.75694,24000.00096,169.822477,239000.0099,731.9999768,1129,478800,2835.54086842015,2615.60316970199,76.2687149047852,3022.36966625601,773.329345703125,545.705627441406,44906.0019712812,277.999999511068,3665.03708159644,488.947518386878,557.530212402344,192899.999854463,514.999993128981,4935.00008583069,340.548706054688,724.257202148438,5223,177,603
Queens,Jamaica,36081044602,0,13025,25793,31394,40893,13,19,12,13,21,8120.689531,22500,145.9285681,234600,701,984,365000,2975.99995703995,2312.99996661069,594,3397.99995094817,727,1667,42856.9993813378,253.999996333383,4741.99993154686,421.999993908219,2358,194599.997190852,518.999992507976,4128,142,1710,4596,112,1416
Queens,Briarwood-Jamaica Hills,36081044800,0,20123,41250,47976,52424,14,22,22,25,25,9444.44434,28425.92578,145.8196672,256000,742,1137,611200,1734.00000484474,1639.00000457931,11,1722.00000481121,1039,153,59276.0001656152,287.000000801869,2080.00000581145,757.000002115034,423,216900.000606012,642.000001793727,2371,398,404,2571,284,363
Queens,Elmhurst,36081045700,0,18430,36473,45197,47471,11,19,22,25,33,11263.73601,24662.16317,145.1408349,228600,837,1132,624500,2121.9999762848,2016.99997745827,11,2468.99997240677,1168,13,54109.9993952736,283.999996826053,2605.99997087568,739.999991729856,45,215699.997589365,622.999993037432,3395,469,47,3355,293,37
Queens,Elmhurst,36081045900,0,19538,35799,41325,68981,8,13,21,27,27,10602.56457,23333.3343,129.9456465,259900,775,1290,655100,2318.00003454089,2204.00003284216,4,2558.00003811717,1078,13,50900.0007584691,276.00000411272,2807.00004182756,552.000008225441,41,207100.00308603,708.000010550022,3885,439,58,3975,245,35
Queens,Elmhurst,36081046100,0,17083,30069,36250,48607,11,19,18,17,16,9774.192857,24473.68396,127.3913021,315600,750,1238,764100,1667.00001242012,1545.00001151115,2,2005.00001493841,603,15,50938.0003795177,269.000002004206,2463.00001835078,348.000002592802,33,193800.001443923,663.000004939735,2791,203,19,3089,119,30
Queens,Elmhurst,36081046300,0,12007,30946,38929,50000,8,12,20,15,20,9415.094948,26111.11181,120.8677706,272500,732,1127,453700,2069.0000236046,1966.00002242951,41,2684.00003062095,673,82,46667.0005324099,247.000002817949,3473.00003962242,407.000004643342,129,207400.002366165,608.000006936491,4021,220,87,4284,116,54
Queens,Elmhurst,36081046500,0,15211,30709,43867,45337,7,10,13,9,7,8837.209105,24264.70513,103.0120482,266300,752,1147,802600,2268.99997295802,2176.99997405447,10,2753.99996717778,658,24,48213.9994253847,232.999997223102,2753.99996717778,337.99999597171,49,220799.997368501,581.999993063713,4398,228,39,4247,93,28
Queens,Elmhurst,36081046700,0,13757,30699,29394,41039,16,15,16,18,12,8259.84253,26979.16512,148.5179585,234800,672,1044,502300,4478.00003857678,4076.00003511366,155,5423.0000467177,1129,363,60200.000518607,252.000002170913,5647.0000486474,664.000005720183,226,222300.001915055,496.000004272908,7108,378,195,7112,240,149
Queens,Elmhurst,36081046900,0,13639,30148,37425,37420,11,19,15,18,21,9202.205954,28648.64773,141.1505116,206700,693,1067,452600,5996.00013681315,5541.00012643123,154,6836.00015597977,1699,327,57000.001300592,256.000005841255,7626.00017400552,991.000022612046,307,232800.005311891,480.000010952353,9282,534,233,8570,370,129
Queens,Elmhurst,36081048100,0,15927,29906,37143,38680,15,20,20,19,25,8358.823441,24218.74869,126.0504246,208000,752,1096,392000,3821.99998576194,3593.99998661131,22,4480.99998330697,1913,125,49166.9998168387,254.999999050051,5447.99997970462,1157.99999568611,147,230999.999139458,568.99999788031,6782,643,185,6781,518,205
Queens,Elmhurst-Maspeth,36081048300,9450,19630,36556,32288,47272,14,21,26,25,35,9450,25909.09189,136.6544206,307700,765,1348,671500,2972.00000207592,2759.00000192714,22,2913.00000203471,1271,23,53077.0000370738,274.000000191387,3193.00000223028,817.000000570668,49,239100.000167009,654.000000456814,3751,564,35,4047,452,35
Queens,Elmhurst-Maspeth,36081048900,0,17723,36767,39789,41590,,4,0,,18,8502.097484,25616.68874,109.1633839,245117.0001,730.2975259,1167,486000,943.15023103985,942.922769522993,0,955.385707538575,782.532732009888,2,56588.8888903788,247.86190885523,1234.77914199419,615.852040780475,123,192829.979112091,651.270011331823,1233.61949334247,405.632597923279,6.03791025653481,1486,273,29
Queens,Maspeth,36081049500,0,21196,35857,42227,61552,4,6,16,17,19,10826.0866,22619.04751,131.6999959,274600,752,1348,662600,1239.00000923127,1229.00000915676,1,1419.00001057237,1355,4,52027.0003876314,258.00000192225,1198.0000089258,1048.00000780821,4,206500.001538545,595.000004433095,1288,1004,1,1358,848,20
Queens,Queens Village,36081049600,0,20025,45208,57143,62188,4,12,17,20,24,11817.20385,21449.04426,91.5,178700,641,869,414900,2951.00000549667,2922.00000544265,8,2645.0000049267,1345,537,43422.0000808798,215.000000400469,3042.00000566617,557.000001037493,1373,159800.000297651,581.000001082197,3463,214,1470,3030,97,1192
Queens,Elmhurst,36081049900,0,19545,35766,45287,49213,,12,0,,26,10280.93042,25545.17596,115.5977562,243200.8834,789.3499074,1138,639200,3460.48987831145,3413.86296234876,3.16592726111412,3551.4581781569,2892.53428649902,4.07693764567375,57080.7599547471,242.782470313468,3636.2546375568,2080.93005277828,15.033584177494,209173.265455145,631.574945479034,4204.73959583789,1486.70335388184,28.4811149835587,5071,1065,44
Queens,Hollis,36081050201,0,25341,36071,52596,92857,8,12,25,20,20,9230.769828,24821.42891,127.9787255,195100,910,1323,450000,1251,169,1071,1269,45,1130,47083,235,1227,27,1141,157100,563,1345,5,1229,1410,12,1128
Queens,Hollis,36081050202,0,23234,40903,60227,66859,7,8,18,10,22,10807.69195,23530.9272,127.5,180800,1160,1200,478100,1347.00000250898,103.000000191852,1229,1341.00000249781,57,1214,44394.0000826903,244.000000454485,1273.00000237115,38.0000000707805,1171,153600.000286102,629.000001171604,1449,11,1323,1344,15,1110
Queens,Hollis,36081050400,0,21364,43295,42708,76888,13,11,17,12,24,11090.90903,23316.8328,113.8297857,199100,677,925,461000,1700.00000949949,221.000001234934,1455,1571.00000877865,34,1460,44477.0002485346,233.000001301989,1514.00000846013,13.0000000726432,1414,163800.000915304,452.000002525747,1750,13,1653,1831,25,1591
Queens,Hollis,36081050600,0,19458,52785,51033,52500,9,11,18,22,19,9333.332849,23925.23482,127.96875,182700,779,1145,444400,1620,169,1426,1510,49,1394,44808,223,1398,22,1280,161100,546,1562,9,1453,1553,12,1383
Queens,Hollis,36081050800,0,12835,46993,46250,53125,7,8,4,21,24,7987.804928,23422.13075,98.89999869,181800,530,1159,478200,2466.99996438762,156.999997733627,2293,2135.99996916577,36,2008,43570.9993710308,188.999997271691,1838.99997345312,19.99999971129,1768,154399.997771159,395.999994283542,2059,13,1971,1837,20,1651
Queens,Hollis,36081051000,0,18417,43264,58750,87625,7,9,19,13,15,10193.54852,23066.40665,112.7272665,175800,847,934,387900,1585.00000147615,206.000000191852,1355,1516.00000141189,55,1376,43889.0000408748,223.000000207685,1504.00000140071,21.0000000195578,1350,151800.000141375,609.000000567175,1679,22,1504,1540,6,1239
Queens,Queens Village,36081051200,0,24234,50736,54130,81484,12,6,17,16,20,11458.33278,23683.03584,110,188900,801,1239,445700,2949.9999931315,787.999998165295,2140,2777.99999353196,167,2367,44129.9998972518,226.999999471474,2589.99999396969,47.9999998882413,2302,160199.999627005,556.999998703133,2885,38,2532,2619,21,2142
Queens,St. Albans,36081051800,0,21250,34954,55361,74583,5,5,13,15,25,8814.285821,21682.24145,131.3513468,162300,899,775,381300,2698,244,2431,2014,52,1899,37500,232,1755,25,1678,142500,627,2110,4,2045,1931,4,1816
Queens,St. Albans,36081052000,0,21719,51249,44750,84550,13,13,17,13,19,9785.71408,22398.6482,127.03125,161300,748,1208,419700,1805.99998318031,146.999998630956,1631,1489.99998612329,42,1410,41128.9996169563,239.999997764826,1534.9999857042,21.999999795109,1426,143899.998659827,616.99999425374,1701,19,1597,1521,12,1383
Queens,St. Albans,36081052400,0,14185,42891,43819,64792,5,7,8,11,31,8671.428971,22281.25,126.6666667,174200,735,950,413100,1991.00000741705,131.000000488013,1849,1721.00000641122,53,1597,39500.000147149,231.000000860542,1488.00000554323,18.0000000670552,1422,145400.000541657,540.000002011657,1889,12,1809,1739,7,1609
Queens,Maspeth,36081052500,0,17192,34688,45583,75903,2,3,10,16,17,10292.4531,20892.85787,97.57142674,191500,704,1355,607100,1946.00001404574,1942.00001401687,0,1877.00001354772,1798,0,44921.0003242285,217.000001566252,1712.00001235679,1503.00001084828,0,181300.001308578,504.000003637746,1877,1383,18,2063,1235,23
Queens,St. Albans,36081052600,0,14792,41250,45227,74457,5,5,6,14,20,8848.484459,20890.1525,114.7619044,163100,648,1622,409500,2028.99999244139,103.99999961257,1897,1661.99999380857,33,1574,37345.9998608753,218.999999184161,1918.99999285117,11.9999999552965,1817,138299.999484792,596.999997776002,1867,5,1763,1802,6,1635
Queens,St. Albans,36081053000,0,19096,41923,46056,57132,4,10,19,17,30,8732.142632,20839.55324,117.75,159800,809,1077,420900,2419.00003604591,185.000002756715,2214,2106.00003138185,33,2000,39483.0005883425,219.000003263354,2200.00003278255,13.0000001937151,2083,141900.002114475,552.000008225441,2227,20,2124,2240,8,2111
Queens,Queens Village,36081053200,0,18125,44420,57162,81731,14,10,9,21,25,10688.88898,22598.52093,138.8793093,166800,810,861,399300,2148.99999199435,115.999999567866,2006,1789.99999333173,41,1650,42064.9998432957,244.999999087304,1566.99999416247,19.9999999254942,1460,146799.999453127,557.999997921288,1855,13,1761,1675,12,1537
Queens,Queens Village,36081053601,0,25129,51804,52883,85530,,15,0,,14,10718.30955,23355.70337,128.9285793,184299.9983,730.0000081,1094,405900,1647.18386258674,361.32869488257,1232.41918945313,1750.66297238879,63.6142082214355,1561.51672363281,43934.9983757588,244.000004190113,1598.83706538414,25.4456827382091,1464.82312011719,157500.006720841,633.999981534889,1826.99999678135,30.534818649292,1650.57653808594,1577,4,1384
Queens,Queens Village,36081054000,0,17081,36918,56420,63750,,9,0,,16,9683.454207,21825.49014,116.8467277,182593.7347,681.1218068,1349,429200,3550.35002809478,2724.3917686576,777.888470113277,3978.46302387159,519.516243219376,2912.47375774384,43061.966500808,239.008094335267,4199.42092592199,323.278061082878,3249.82604408264,147407.05923762,601.032149342044,4499.85188352608,121.21270108223,3808.25809311867,4222,86,3110
Queens,Queens Village,36081054200,0,20245,42904,53846,78074,5,8,16,18,21,11314.81403,22245.43191,100.8620657,183700,834,1309,446400,3962.99998131517,3912.99998155091,7,4524.99997866544,2576,613,42854.9997979464,237.999998877873,4764.99997753388,1170.99999447895,1698,160499.999243271,630.999997024948,5709,527,2162,5074,292,1625
Queens,Ridgewood,36081054500,0,11014,21989,24841,41801,1,1,5,9,7,6925.287466,11875,70.37281304,198100,631,945,572100,3699.9999448657,3690.99994499981,0,3123.99995344877,2687,1,29999.9995529652,158.999997630715,3321.99995049834,1777.99997350574,6,153099.997718632,401.999994009733,3932,964,49,3722,785,90
Queens,Ridgewood,36081054700,0,12967,20657,30850,44823,1,5,9,7,14,7883.561826,15000,73.28389433,217900,666,1013,475500,3711.00001382455,3687.00001373515,7,3236.00001205504,2714,4,22500.000083819,168.000000625849,3784.0000140965,1517.00000565127,22,87500.0003259629,471.000001754612,4717,706,92,4643,648,106
Queens,Ridgewood,36081054900,0,9583,27922,30295,44280,2,4,9,10,14,7974.683926,,73.81766449,178400,653,1048,572300,4157.00000580726,4076.00000569411,57,3928.00000548735,2971,3,40000.0000558794,169.00000023609,4468.00000624172,1857.0000025942,40,150000.000209548,428.000000597909,5322,967,95,5308,1096,147
Queens,Ridgewood,36081055100,8500,10431,26542,29275,39426,2,6,10,18,19,8500,,75.04450917,239400,620,953,618400,4417.00002056826,4404.00002050772,0,3840.00001788139,3380,2,35000.0001629815,167.000000777654,4237.00001973007,2855.00001329463,12,250000.001164153,415.000001932494,4679,1866,110,4573,1905,111
Queens,Ridgewood,36081055300,0,10941,25169,33925,31850,1,2,9,10,14,7318.181621,13750,73.12925217,198900,594,969,471400,2042.99997835688,2040.99997837807,0,2048.99997829332,754,36,28332.999699846,179.999998093117,2443.99997410877,384.999995921389,52,131299.998609035,439.999995338731,2537,186,122,2454,198,132
Queens,Ridgewood,36081055500,0,11886,25400,30938,43333,4,2,19,14,20,7337.5,20568.18118,74.24418283,188900,666,1063,454300,1720.00000961125,1693.00000946037,15,1561.00000872277,984,6,36538.000204172,174.000000972301,1869.00001044385,603.000003369525,79,150000.00083819,458.000002559274,2187,340,140,2147,291,119
Queens,Queens Village,36081055600,0,20990,52844,56250,70214,5,8,20,16,28,11083.33333,22699.58101,114.4444444,180400,762,1521,446800,1928.00000718236,1921.00000715628,5,1786.00000665337,1387,41,43623.0001625083,244.000000908971,1970.00000733882,890.000003315508,186,167100.000622496,647.000002410263,2254,449,370,2153,229,350
Queens,Queens Village,36081055800,13080,22981,46875,73824,72480,10,14,19,29,32,13080,21742.0205,95,185000,826,790,453500,1660.00000927597,1658.0000092648,1,1577.00000881217,1211,46,43262.0002417453,220.000001229346,1734.00000968948,776.000004336238,222,161700.000903569,592.000003308058,1967,377,488,1732,222,459
Queens,Ridgewood,36081058300,0,13586,27762,39783,53523,4,4,10,19,29,8529.412162,27000,82.35576923,243700,689,1043,621300,3100.99996534362,3092.99996543303,0,2889.99996770173,2733,0,44999.9994970858,185.999997921288,2870.99996791407,2420.99997294322,2,209999.997653067,497.999994434416,3366,1822,46,3254,1815,66
Queens,Ridgewood,36081058500,0,12296,30130,35268,49792,2,6,9,15,18,8414.772525,19375,80.83968956,225400,679,1032,609000,3420.99999203486,3415.99999204651,0,3410.99999205815,3309,1,38332.999910749,178.999999583233,3343.99999221414,2889.99999327119,9,194999.99954598,461.999998924322,4135,2366,11,4062,2135,52
Queens,Ridgewood,36081058700,0,12672,26875,35589,45287,2,4,12,14,17,7433.962134,25833.33333,78.1073436,232600,639,979,533700,3198.99995233119,3171.99995273352,1,2691.99995988607,2581,0,39999.9994039536,174.999997392297,2812.99995808303,2433.99996373057,7,179199.997329712,431.999993562698,3336,2205,10,3296,2206,34
Queens,Ridgewood,36081058900,0,10957,27827,30078,46189,1,2,7,15,14,6636.718823,,74.9813478,253400,637,1085,591400,3836.99997409224,3828.99997414625,5,3682.99997513206,3485,0,47142.9996816863,162.99999889941,3733.9999747877,3056.99997935886,18,162499.998902786,412.999997211387,4384,2274,51,4196,2313,64
Queens,Ridgewood,36081059100,0,10410,25727,34544,43300,2,1,5,11,17,8003.649536,21363.63736,72.43150531,225500,680,1038,584300,5090.00003792346,5086.00003789365,0,4379.00003262609,4149,0,28125.0002095476,160.000001192093,4627.00003447384,3588.00002673268,13,166700.001242012,447.00000333041,5777,2361,30,5826,2139,125
Queens,Ridgewood,36081059300,0,14638,33203,35547,51964,3,7,13,15,26,8539.13069,21111.11202,85.72847848,247300,680,1072,587000,3727.99999652803,3711.99999654293,9,3240.99999698158,3140,0,49090.9999542804,194.999999818392,3290.99999693502,2999.99999720603,5,170499.99984121,495.999999538064,3865,2804,21,3881,2589,52
Queens,Cambria Heights,36081059400,0,23438,49654,68833,85758,4,9,22,27,25,11452.05455,24054.0543,123.75,184700,1191,2001,410400,1561.00000581518,1093.00000407174,450,1694.00000631064,174,1412,47778.0001779869,261.000000972301,1714.00000638515,94.0000003501773,1520,161000.000599772,630.000002346933,1780,51,1610,1537,26,1410
Queens,Cambria Heights,36081059600,0,24883,64956,65469,87143,9,19,39,30,32,12514.2855,24670.54396,115,189000,696,857,380700,1427.00000531599,855.000003185123,551,1387.00000516698,121,1175,50448.0001879334,241.000000897795,1472.00000548363,66.0000002458692,1334,170900.000636652,625.000002328306,1614,45,1531,1304,24,1223
Queens,Cambria Heights,36081059800,11000,18807,39464,54484,67763,5,10,8,25,19,11000,22939.18947,129.1525419,170700,614,1063,385500,1762,966,761,1809,121,1503,44958,245,1809,43,1621,157500,544,1830,23,1710,1643,24,1482
Queens,Maspeth,36081059900,0,17854,33750,50391,71932,2,7,12,17,24,10568.80711,23026.31596,105.1162826,207800,804,1305,529200,1458.00003530458,1452.00003515929,0,1286.0000311397,1252,0,52557.0012726355,203.000004915521,1429.00003460236,1319.00003193878,1,190700.004617684,535.000012954697,1446,1180,2,1525,1124,6
Queens,Cambria Heights,36081060000,0,27303,55460,65000,62250,9,15,22,31,23,12139.53472,25209.79048,112,187900,689,804,354000,1041.00003102422,750.000022351742,268,1186.00003534555,132,993,50000.0014901161,247.000007361174,1170.00003486872,60.0000017881393,1072,167300.004985929,792.000023603439,1260,38,1181,1056,17,984
Queens,Cambria Heights,36081060600,0,23973,53984,59875,76146,9,13,23,18,36,11809.52374,24650.73514,107.619047,186300,1051,789,433100,1363.9999949187,887.999996691942,465,1526.99999431148,148,1269,49899.999814108,245.999999083579,1475.99999450147,62.9999997653067,1307,168099.999373779,541.999997980893,1521,39,1384,1381,17,1248
Queens,Cambria Heights,36081060800,0,26792,47702,66964,92328,6,12,23,36,42,11293.1035,26456.69408,124.4444444,189300,731,1297,461100,1285.99998952029,563.999995403923,716,1502.99998775194,154,1233,49249.9995986582,224.999998166459,1502.99998775194,69.9999994295649,1358,168099.998630141,591.999995175749,1631,23,1512,1413,13,1304
Queens,Cambria Heights,36081061400,0,25673,60605,63482,108438,,9,0,,30,14767.24086,25749.99797,115.0000004,189699.9999,834.0000285,1426,449100,1175.81239784742,880.362083957065,275.487457275391,1280.61740784231,112.790153503418,1075.998046875,49558.0014039891,244.9999921832,1215.73811594071,58.8904341876041,1098.95544433594,173400.004379787,591.999991947797,1433.33328723907,26.9498596191406,1318.546875,1234,11,1136
Queens,Laurelton,36081061800,0,16635,42292,55375,56118,14,16,21,19,43,8460.525997,24596.77371,131.7747492,180100,728,823,262500,1539.00001146644,1353.00001008064,178,1712.00001275539,774,815,49878.0003716201,217.000001616776,1585.00001180917,359.000002674758,1116,166700.001242012,393.000002928078,1603,91,1391,1583,48,1436
Queens,Glendale,36081062700,0,14079,33106,42292,56071,2,7,10,18,12,9486.841866,23032.78661,86.48648756,205700,669,1205,475400,2885.99998924881,2864.99998932704,4,2539.99999053776,2488,0,46785.9998257086,189.999999292195,2572.99999041483,2421.99999097735,0,184799.999311566,471.999998241663,2630,2183,17,2879,1807,31
Queens,Glendale,36081062900,0,17457,31861,36563,44682,5,6,8,10,17,8795.08184,21590.90882,79.92481318,208500,688,1013,486900,2723.99999556039,2714.99999557505,0,2539.99999586027,2498,2,45869.9999252404,181.999999703374,2427.99999604281,2242.99999634433,3,201699.999671266,439.999999282882,2673,2049,20,2782,1767,46
Queens,Laurelton,36081063200,0,24006,53077,60150,96958,16,17,22,19,28,14837.34933,23963.13333,106.4285714,190500,769,850,417200,2101.00000391342,1592.00000296533,488,2241.00000417419,212,1808,48378.000090111,229.000000426546,2254.0000041984,83.0000001545995,2002,165200.000307709,619.000001152977,2407,49,2194,2134,39,1927
Queens,Woodhaven,36081064101,0,20435,27992,31012,52375,13,18,17,18,27,11541.66715,22291.66667,110,55900,336,749,202400,1881,1880,1,2208,2106,1,36071,231,1731,1655,9,168800,327,1603,1287,18,1960,1331,43
Queens,Middle Village,36081065702,0,16250,34236,46161,44688,,7,14,18,24,9087.236153,22901.9678,107.019338,263300,776,1160,585700,1483.52247755983,1463.1408395535,.0242835972458124,1502.00000559539,1465,0,54865.0002043881,221.000000823289,1476.00000549853,1357.00000505522,1,197400.000735372,563.000002097338,1490,1327,1,1675,1267,9
Queens,Middle Village,36081065703,0,20999,37003,52594,63934,6,10,15,17,27,11249.58246,23950.69697,98.73015951,258661.1801,753.2727273,1122,552400,2942.0000209515,2928.00002083927,0,2595.00001895102,2534,0,56046.6111082183,218.025577179444,2512.00001881737,2402.00001793867,2,206697.866771488,534.333337468406,2559,2361,2,2597,2217,16
Queens,Middle Village,36081065900,0,18388,38654,61063,77344,4,10,16,21,29,10723.40466,25373.13376,111.463414,252100,755,936,493900,1783.00002304011,1780.00002300134,0,1610.00002080458,1593,0,55153.0007126926,240.000003101304,1668.00002155406,1602.00002070121,1,209400.002705888,592.000007649884,1694,1581,2,1666,1499,6
Queens,Rosedale,36081066000,0,24015,45556,65153,83750,6,7,11,23,25,12201.68074,27411.76599,145.909087,192300,884,1476,483300,2912.99998914823,2903.99998918176,1,2540.99999053404,2402,18,47446.9998232462,292.99999890849,2531.99999056757,1384.99999484047,566,175999.999344349,667.999997511506,3214,405,2313,3233,158,2614
Queens,Middle Village,36081066100,13000,22177,42935,52273,78438,10,10,18,21,31,13000,30751.87859,144.9107254,266700,856,1183,563200,2061.99997695535,2060.99997696653,1,1785.99998003989,1757,0,63299.9992925674,271.999996960163,1631.99998176098,1553.9999826327,0,223599.997501075,631.99999293685,1534,1407,2,1495,1332,5
Queens,Middle Village,36081066300,0,22755,50835,60817,59209,,15,18,24,33,11225.95641,28731.8473,112.6373216,253600,760,1311,561700,2892.74919236373,2878.81030744009,0,2679.91017495494,2546.53018569946,.0144324088469148,61947.4820578072,247.012715831206,2550.99999257561,2332.99999321008,2,224799.999345746,597.999998259591,2537,2143,10,2601,2006,25
Queens,Middle Village,36081066701,0,20019,35913,52428,76921,,8,0,,28,11253.55075,27331.00808,116.215872,238506.7796,787.3685584,1347,591900,2794.63100055244,2783.2405762038,0,2405.32387493976,2353.41455078125,0,59655.2943950866,234.138489810196,2253.41963131173,2144.52044808317,6,217821.108838377,610.217183519013,2447.10469949245,2231.86804199219,7,2575,2090,7
Queens,Middle Village,36081067100,0,20484,44841,53136,61758,9,9,20,24,31,10924.13242,27708.71815,102.88,240690.0901,906.0594059,1266,545900,2518.9999692553,2509.99996928102,1,2347.99997041305,2269,0,61198.7170333013,229.115040536156,2242.99997200817,2087.99997396348,1,215766.357392127,670.02149605016,2295,1973,3,2100,1654,12
Queens,Middle Village,36081067700,0,21982,40417,65982,71129,7,11,21,32,33,11314.28608,28368.20036,126.75,277000,807,1169,623600,2076.99997485336,2065.99997498654,0,1787.99997835234,1753,2,62467.9992436878,244.999997033738,1766.99997860659,1636.99998018052,2,228499.997233506,643.999992202967,1859,1681,2,1786,1504,5
Queens,Middle Village,36081067900,0,13229,27829,35430,54281,13,17,17,24,34,9114.942143,28559.78293,134.6207005,246300,612,967,574000,3928.00009511411,3772.00009133667,27,4012.00009714812,3047,157,61491.0014889669,224.000005424023,4007.00009702705,2856.00006915629,159,228700.00553783,428.000010363758,4301,2655,146,4094,2323,173
Queens,Rego Park,36081068700,0,19193,30680,39308,65381,13,24,30,37,53,8544.554811,26250,133.5521255,197900,785,1203,476900,4115.00003640773,4040.00003574416,4,3747.00003315182,2757,29,55545.000491438,259.000002291519,4047.00003580609,2159.00001910189,61,220400.001950003,517.000004574191,4709,1858,80,4630,1584,91
Queens,Springfield Gardens South-Brookville,36081069000,0,26130,45040,51131,75559,,9,15,17,32,11135.05121,25056.54192,160.1980085,191500,864,1384,452800,2533.91181259109,1654.59286909473,842.945189237595,2603.8145288503,353.898071289063,2033.96252441406,46074.9998490864,309.000010179367,2603.99999454338,124.999999738066,2286,160199.999664305,727.999998474494,3285,64,3006,3252,42,2904
Queens,Rego Park,36081069300,9380,15461,30741,38353,51127,13,23,28,36,44,9380,27674.41898,144.1881836,74800,803,1158,307900,3010.9999775663,2926.99997819215,31,2458.99998167902,2012,138,57799.9995693564,263.999998033047,2379.99998226762,1574.99998826534,103,213799.998407066,519.999996125698,2835,1358,61,2883,1222,93
Queens,Rego Park,36081069500,10880,21528,45476,52031,61406,21,31,36,46,39,10880,32569.44595,115.679014,274000,767,1294,636200,2068.00001733378,2023.00001695659,3,2020.00001693144,1650,24,69119.0005793488,257.000002154149,2081.00001744274,1441.00001207832,18,248300.002081227,543.000004551373,2332,1218,39,2128,936,37
Queens,Rego Park,36081069701,0,16338,28101,31832,47075,,25,29,34,50,10712.91212,30796.44942,150.0933599,117100,776,1177,280700,3748.37255468965,3624.16577762365,13.2098742723465,2940,2475,11,60714,266,3189,2388,47,214700,499,3597,2072,71,3616,1873,135
Queens,Rego Park,36081069702,0,19716,37382,55048,67821,,28,0,,44,11664.47336,34507.77439,142.3563273,291400.004,825.999966,1167,650300,3629.79538335425,3577.25586553351,9.13730716705322,3489.03462348273,3142.61108398438,5.42497587203979,74297.9975582352,267.000004405534,3444.85981816542,2631.88840101007,33.3248519897461,260400.009444889,547.999978302344,3983.48241448402,2187.04028320313,64.3247146606445,3911,1874,55
Queens,Forest Hills,36081071304,0,18989,32229,46543,49389,,28,0,,51,11091.19974,39903.85113,168.7562245,86600.00054,803.9999865,967,243100,7660.3993659789,7505.66075120633,20.6690559387207,6376.12472568243,5757.72900390625,57.5381851196289,67000.0024858584,301.000011167812,5862.75004345865,5182.90566014382,50.2760848999023,268199.993703611,503.999998828274,6231.99969506264,4721.48291015625,160.324844360352,6136,4347,114
Queens,Forest Hills,36081071306,0,18127,35313,46750,49698,,29,0,,59,11250.44053,31428.57268,175.931326,99199.99957,869.9999972,1193,278000,6171.84089531936,6001.54900884256,20.942045211792,5543.02846014127,4864.0654296875,25.3508949279785,66860.0020532739,306.999993522592,5103.24553001672,4293.67018621601,56.2128562927246,224999.996496891,562.99998806076,5753.00026226044,3794.9189453125,124.55005645752,5811,3165,183
Queens,Forest Hills,36081071900,0,16560,30925,35261,47574,,26,0,,35,10601.49318,29074.72216,167.0582572,240705.7769,750.258031,1053,541900,2352.56795818935,2265.02559008184,12.399377644062,2245.20545555092,1477.92391586304,157.343900442123,59912.9606530616,306.245943649611,2961.21535590291,1799.90669290721,168.04717206955,219579.520637044,531.198203299349,2827.99999952875,1558.91808319092,98.6520414352417,2630,1596,60
Queens,Forest Hills,36081072100,0,17488,31658,33402,62045,19,29,32,39,43,12015.67953,32656.25106,170.7948272,78700,675,1064,245400,5796.00010795891,5705.00010626391,16,5201.00009687617,4376,12,64674.0012046471,285.000005308539,4691.00008737668,3571.00006651506,46,234300.004364178,472.000008791685,5243,3333,118,4963,3053,95
Queens,Forest Hills,36081072900,0,19706,44167,49635,82167,13,22,27,35,45,11437.5,26776.31707,101.5,274800,863,1194,607300,1606.00000299141,1582.0000029467,1,1379.00000256859,1218,0,64019.0001192447,228.000000424683,1331.00000247918,983.00000183098,10,235300.00043828,708.000001318753,1418,759,24,1363,682,39
Queens,Forest Hills,36081073100,0,20918,46471,57096,101679,15,23,36,48,49,11206.34957,29722.22222,110,291100,826,1435,658600,1426.00000531226,1404.00000523031,3,1565.00000583008,1360,3,64930.0002418831,255.000000949949,1576.00000587106,1200.00000447035,9,248100.000924245,684.000002548099,1747,1105,12,1515,869,32
Queens,Forest Hills,36081073900,0,22557,41144,55000,87857,,32,0,51,66,12504.31088,48846.15396,176.40186,123400,879,1474,292500,5434.53484483462,5367.19731395839,19.8051567077637,6125.73479412298,5753.39794921875,23.7661876678467,107894.997349459,345.999992706002,5035.46094861225,4565.08849028564,28.7174758911133,397400.020802957,555.000018145245,4994,4000,75,5028,3297,89
Queens,Forest Hills,36081074100,0,19823,37063,49625,61028,28,32,41,55,56,12657.08008,49521.27734,171.2987121,96200,729,964,307200,4367.00005287211,4273.00005173404,24,3510.00004249625,3170,27,92258.0011169855,287.000003474765,3002.00003634579,2548.00003084913,30,356900.004321057,456.00000552088,3079,2217,60,3015,1921,68
Queens,Forest Hills,36081074300,0,13645,30236,36824,43238,15,27,32,41,41,9336.538141,34213.48504,165.1847553,167000,730,1035,296100,4803.00003578514,4626.00003446639,40,4463.00003325194,3267,38,67561.0005033687,267.000001989305,4104.00003057718,2728.00002032518,77,247600.001844764,489.000003643334,4365,2415,79,4221,2394,77
Queens,Kew Gardens Hills,36081077903,11490,17823,37500,46610,60132,18,27,31,29,43,11490,48014.70476,122.2682954,69200,756,996,232300,2951.00003916374,2904.00003853999,18,2636.00003498327,2167,45,94815.0012583227,261.000003463821,2514.00003336417,1629.00002161902,57,373700.004959502,486.000006449874,2886,1228,225,2972,1371,168
Queens,Kew Gardens Hills,36081077904,0,21001,37312,53708,49527,14,21,30,45,45,12235.40157,28615.664,150.1838189,197700,783,1138,254300,5996.0000293171,5839.00002854946,47,5208.00002546422,3635,218,58842.0002877046,264.000001290813,5416.00002648123,3079.0000150546,247,202200.000988645,505.000002469169,6303,2926,412,6155,3480,223
Queens,Kew Gardens Hills,36081077906,0,17625,35736,39070,49201,,24,0,,35,9820.312905,30790.27565,154.0738291,210499.999,678.9999824,992,220200,3980.93618549639,3532.81742847757,361.600769042969,3231.48344582878,2221.36767578125,345.332427978516,63512.001465411,272.999989402583,3226.30715655629,1989.91349032614,399.313751220703,215700.003577658,435.000002815864,3598.99993431568,1819.09594726563,407.447906494141,3633,2028,174
Queens,Queensboro Hill,36081079900,0,17697,41696,52500,62589,12,16,25,27,39,11285.71372,28076.92464,129.8333333,275000,919,1270,642600,2628.00000611879,2522.00000587199,62,2185.00000508735,1994,5,61119.0001423038,265.000000617001,2291.00000533415,1459.000003397,17,234300.000545522,728.000001695007,3196,1075,49,3425,456,20
Queens,Flushing,36081085300,0,18186,27298,30886,32530,21,29,34,30,30,10168.06747,25000,169.8541274,98900,814,1153,286600,3560.99999336712,3321.99999381229,56,4492.99999163114,1831,464,84999.9998416752,304.999999431893,5394.99998995103,958.999998213723,315,329999.999385327,607.999998867512,5861,467,145,5764,238,82
Queens,East Flushing,36081086100,8750,17083,31602,36289,54103,20,20,34,26,36,8750,29655.17133,134,86200,758,1014,414600,1962.00001827255,1888.00001758337,16,2073.00001930632,1334,51,60125.0005599577,249.000002318993,2238.000020843,887.000008260831,73,235900.00219699,492.000004582107,2461,592,85,2370,284,30
Queens,Flushing,36081087100,0,10409,17342,23598,14914,,4,8,,22,7310.017524,12453.17267,80.55517312,87292.23617,520.6162418,394,83100,1961.5986104874,1140.18692772421,775.450040072203,1556.41036103852,357.324675559998,607.179221153259,33181.2925733365,154.461498194919,1831.4025635235,224.727268714458,655.735065460205,217171.321980712,371.461722590317,1834.00000274181,112.58961057663,450.290909290314,1752,64,418
Queens,Breezy Point-Belle Harbor-Rockaway Park-Broad Channel,36081092800,0,29873,59403,82745,105000,,42,0,57,52,15022.62426,42734.37773,158.5714307,412200,968,1530,829500,4043.71843727038,4024.78530510967,11.9577674865723,3678.01004237678,3583.34448242188,13.9507293701172,81480.9998172976,309.000015657362,3320.27349260348,3216.63950603962,8.9683256149292,319099.99861285,622.999993257892,3440,3308,11,3246,3014,5
Queens,Whitestone,36081102900,0,21574,37232,49722,73491,,11,16,23,20,11558.12962,31314.00384,154.716685,292800,875,1561,632700,2709.11761107217,2684.2501617434,7.48383569717407,3673.24753404449,3420.44739532471,9.58239263296127,68381.8334221366,283.108776277949,3365.99999527326,2904.99999592063,19,239899.999663118,670.999999057742,3406,2515,22,3319,2202,39
Queens,Whitestone,36081103300,0,23639,41304,57165,77500,10,13,16,23,34,11994.01172,30935.58157,158.3955241,297600,893,1425,623700,4639.00000486046,4592.00000481121,0,4090.00000428525,3851,1,66896.0000700895,303.000000317465,3891.00000407675,3433.00000359688,3,244200.000255858,712.000000745989,4149,3281,5,4116,2894,10
Queens,Whitestone,36081103900,0,23062,39283,54366,72368,,17,13,23,31,11640.03425,29220.44464,141.8241493,276700,933,1265,659700,5969.3844489543,5937.09292284959,1.09717533737421,5854.43978771153,5442.4149017334,6.14576300978661,65608.9122754475,278.953733565483,5592.00001603328,4695.00001346142,30,244500.000701026,660.00000189234,6161,4483,26,6151,3585,43
Queens,Murray Hill,36081105900,0,25062,45884,51085,73454,,17,0,,41,15202.61151,35630.69042,137.3992941,323804.2376,886.6374303,1518,659100,4120.52333038999,4068.20294101513,3.22585590183735,3609.06700975262,3366.49003601074,.434338271617889,73117.0847529642,292.410860344336,3658.96890143584,3141.96378143388,3.41696473956108,271517.796145868,689.852409174325,3741.99999576993,2860.97802734375,8.48645883798599,3556,2273,13
Queens,Auburndale,36081113900,0,21009,41354,53468,71010,14,19,25,31,41,11111.11123,29752.7471,139.1638813,230500,825,1206,494200,3676.00001904345,3641.00001886213,2,3141.00001627189,2853,6,65286.0003382129,274.000001419452,3193.00001654128,2533.00001312216,5,228700.001184776,583.000003020221,3328,2109,32,3322,1681,38
Queens,Murray Hill,36081114700,0,29419,44676,80822,94188,17,30,29,45,40,13903.84524,35000,139.2857169,329500,1109,238,717100,1978.00000552647,1964.00000548735,1,1871.00000522751,1734,3,73433.0002051694,318.000000888482,1762.00000492297,1453.00000405964,3,277500.000775326,721.000002014451,1800,1262,9,1673,957,2
Queens,Murray Hill,36081115700,0,19365,37556,48500,58050,19,23,22,37,36,11181.20763,31639.34325,161.8377558,252900,773,1352,509800,3092.0000057593,3057.00000569411,2,2797.00000520982,2414,7,66709.0001242552,274.000000510365,2883.00000537001,1814.00000337884,35,252400.000470132,583.000001085922,3465,1114,57,3388,667,40
Queens,Flushing,36081116100,0,18950,32179,34273,41796,19,22,24,20,26,10946.56445,35535.71382,161.6822367,91300,837,1176,217400,2770.99999483861,2599.99999515712,64,2899.99999459833,1918,301,69090.999871308,272.999999491498,3915.99999270588,1533.9999971427,313,258299.999518879,657.999998774379,4542,957,202,4589,532,159
Queens,Murray Hill,36081117500,0,18785,38495,48027,59243,,21,0,,43,10241.61934,31970.67441,112.0990582,270999.9977,812.0000087,1301,579600,4768.5988304187,4691.01467158626,13.9157897355035,4445.69636462897,3940.25709724426,14.952922899276,67592.4907758078,246.962789013827,4482.47138167731,3269.00659913197,30.7834758758545,250400.002596051,544.00001356478,4975.99991339445,2348.48120117188,64.5459976196289,4990,1733,63
Queens,Auburndale,36081118100,0,21140,36354,49680,52197,9,20,23,30,32,10811.88115,29381.44384,143.6915906,271200,816,1185,574100,1846.99999655969,1843.99999656528,0,1720.99999679439,1618,0,60871.9998866171,264.999999506399,1708.99999681674,1416.99999736063,8,217999.999593943,635.999998815358,1811,1181,16,1840,873,25
Queens,East Flushing,36081118500,0,18681,35429,39219,57466,4,16,16,28,25,8628.205224,26886.79241,102.6190508,253600,781,1301,617500,1645,1615,1,1532,1246,11,58630,235,1656,1029,49,214700,607,2048,657,34,2114,333,43
Queens,East Flushing,36081118700,0,18688,38198,40938,62656,11,23,27,27,36,9705.882576,27622.95203,97.40741004,271500,820,1288,711600,1678.99999374524,1663.99999380112,0,1635.99999390543,1242,10,62972.9997654073,227.999999150634,1861.99999306351,863.999996781349,23,238899.999110028,639.999997615814,2491,562,31,2521,332,39
Queens,East Flushing,36081118900,0,21708,37714,41105,65612,9,18,24,26,34,10484.84833,28689.31889,112.5,298200,913,1242,732700,1748.9999804534,1684.99998116866,12,1548.99998268858,1338,8,63110.9992946796,247.999997228384,1742.99998052046,904.999989885837,15,231599.997411668,683.999992355704,2395,631,21,2468,319,29
Queens,East Flushing,36081119100,0,19939,37292,41503,51157,2,7,21,30,25,9887.93037,24449.15327,114,260600,841,1260,648500,2425.00002710149,2386.00002666563,7,2250.00002514571,2015,14,58684.0006558448,264.00000295043,2421.00002705678,1480.00001654029,26,198600.002219528,666.00000744313,2944,1062,68,3273,584,23
Queens,East Flushing,36081119300,0,16792,40333,36173,72836,10,16,22,20,42,10620.68932,28476.19086,95.65217634,271000,796,1126,661100,1977.0000147298,1920.00001430511,17,1983.0000147745,1774,20,63378.0004722029,237.000001765788,1838.00001369417,1288.00000959635,29,232500.00173226,644.000004798174,2350,1056,48,2252,646,56
Queens,East Flushing,36081119500,0,24612,47538,66741,70391,10,14,19,19,50,11763.15836,29517.54369,129.2307739,265800,850,1238,619900,1329.99999504536,1310.99999511614,2,1270.99999526516,1166,3,63234.9997644313,270.999998990446,1234.99999539927,1009.99999623746,8,234499.999126419,670.99999750033,1381,863,14,1349,605,11
Queens,East Flushing,36081119900,0,22266,48355,54458,44818,,22,0,30,29,11491.22841,30833.33521,132.3214244,284500,827,1069,639900,1502.00005035847,1487.00004985556,1,1295.00004341826,1139,0,66115.0022166781,252.000008448958,1301.00004361942,811.000027190894,8,241300.008090213,683.000022899359,1506,637,21,1507,390,32
Queens,East Flushing,36081120100,0,21042,40172,36645,44815,11,21,24,29,32,10753.24725,26933.33333,116.8000057,255400,817,1060,637800,1360.99997971952,1269.99998107553,55,1272.99998103082,919,65,54166.9991928488,233.999996513128,1409.99997898936,501.999992519617,73,220099.996720254,656.999990209937,1712,368,51,1668,204,33
Queens,East Flushing,36081120300,0,22292,40326,54000,62404,17,21,31,39,35,12448.05138,31756.75649,146,263000,925,1585,739500,1376.99999230541,1346.99999247305,2,1231.99999311566,1021,1,64999.9996367842,290.999998373911,1336.99999252893,644.999996395782,13,248099.998613633,735.99999588728,1616,488,52,1642,246,16
Queens,East Flushing,36081120500,0,14552,32262,33405,32589,5,14,22,33,30,7659.091195,23154.7614,126.9685086,232100,605,747,633500,2112,1745,302,1871,934,297,48438,230,2134,678,221,207600,496,2837,478,145,3024,263,75
Queens,East Flushing,36081120700,0,23504,47917,49688,77500,9,14,23,24,35,12647.05851,28870.29285,131.5178534,272100,857,1162,615100,2559.00003336556,2530.00003298745,5,2336.00003045797,2136,1,62997.0008213874,262.000003416091,2495.0000325311,1833.0000238996,8,225400.002938882,713.000009296462,2775,1472,24,2794,970,32
Queens,Pomonok-Flushing Heights-Hillcrest,36081124100,0,22461,44725,59096,74946,17,27,30,42,49,13118.6448,29666.66521,109.1666667,245500,710,894,588000,3574.99999001157,3273.99999085255,251,3270.99999086093,2408,276,63154.999823547,246.99999930989,3401.99999049492,2016.99999436457,282,219599.999386445,715.999997999519,3754,1555,237,3897,1476,221
Queens,Pomonok-Flushing Heights-Hillcrest,36081124700,0,24588,53255,66473,80729,18,32,40,44,47,14832.09003,31634.79811,143.1081117,269600,941,1885,609600,3558.00001325458,3503.00001304969,10,3190.00001188368,2977,6,65376.0002435446,317.000001180917,3334.00001242012,2597.00000967458,24,235200.000876188,807.000003006309,3643,2175,49,3550,1877,68
Queens,Pomonok-Flushing Heights-Hillcrest,36081126500,0,16553,42250,60250,56121,11,18,30,43,45,10106.38253,24375,114.5454545,202800,617,857,587300,1498.00001395121,1419.00001321547,5,1385.00001289882,980,40,49765.0004634727,194.000001806766,1435.00001336448,702.000006537884,66,191700.001785345,445.000004144385,1784,468,117,1660,431,98
Queens,Oakland Gardens,36081129104,0,20081,43045,51997,76849,,25,0,,49,11740.74172,41659.29484,163.4615453,88200.00066,736.0000096,799,249500,6131.72533771489,6076.7076137336,23.1074447631836,4991.20791958272,4650.6484375,62.1700286865234,81356.0022334257,285.999992459259,4515.30460714456,3934.86761914194,77.0248107910156,294200.004918411,430.999999163446,4500.99980843067,3120.05493164063,189.811141967773,4102,2269,161
Queens,Fresh Meadows-Utopia,36081133900,0,25991,49667,81614,86908,21,33,44,45,42,16395.34973,34104.9381,100,294700,1354,-999,656900,1274.00000474602,1260.00000469387,2,1189.00000442937,1090,2,68735.0002560578,275.000001024455,1206.0000044927,982.000003658235,3,259200.000965595,833.000003103167,1277,781,9,1302,688,32
Queens,Bayside-Bayside Hills,36081140901,0,27879,47602,66854,48229,,28,24,0,57,15108.97007,31932.77444,152.0543011,271924.368,918.2972348,1444,611700,1081.50949919218,1025.41291525919,51.0965843200684,911.911558231735,783.517454147339,4,66998.3103173965,249,843.656715048557,608.666773839182,3,249889.838708538,500,1000.00000035763,520,11,914,380,23
Queens,Auburndale,36081140902,0,28125,46296,60644,81495,9,23,26,35,38,14075.58081,31121.21168,132,261900,971,1726,639800,2362.00002784102,2342.00002760527,2,2195.00002587258,1917,0,65685.0007742325,310.000003653986,2143.00002525965,1476.00001739769,4,238000.002805318,852.000010042568,2466,1168,27,2603,839,46
Queens,Bayside-Bayside Hills,36081145102,0,19059,44557,52035,76852,,14,0,,27,10968.49199,26972.21686,136.3615017,235974.8114,854.2828386,1814,585800,2389.00852407468,2042.13352379948,312.721590995789,2178.7357966667,1515.98011374474,321.974431991577,57384.8706736398,269.893737772242,2145.96875120373,1202.21875062492,257.585227251053,213221.982614551,601.326237819761,2488.00000023842,997.732954621315,201.21590924263,2468,685,134
Queens,Auburndale,36081145900,0,21769,52773,58125,80288,9,15,24,26,36,10948.14842,29490.44624,129.1071472,275800,806,1084,612600,2921,2900,0,2704,2511,0,64058,251,2562,2039,4,231400,634,2867,1826,19,2772,1332,36
Queens,Douglas Manor-Douglaston-Little Neck,36081152902,0,24177,46806,55101,62591,14,23,37,39,58,14202.70312,37408.2577,158.0845754,99300,580,1348,286700,6789.00003418236,6753.0000340011,3,5279.00002657957,5011,3,74497.0003750896,283.000001424894,4859.00002446488,4190.00002109649,14,275900.001389146,491.000002472167,4965,3673,28,5126,2918,53
Queens,Bellerose,36081157102,0,21469,37426,66103,63351,,10,0,,39,12049.007,25994.20355,121.427473,223299.9961,874.0000204,1147,581300,1291.84882645171,1290.83553041403,.0115634156391025,1243.75987890326,1177.53274011612,.122572205960751,54917.2159378343,254.12118171272,1328.20627478255,1093.824710799,1.11274142563343,187070.359318762,612.368011148036,1464.00001013279,831.490478515625,28.8378200531006,1996,500,82
Queens,Glen Oaks-Floral Park-New Hyde Park,36081157901,0,22721,45242,58226,81957,9,17,29,34,44,14085.93744,29285.71565,140.3061182,248100,667,1185,514700,5162.00003665709,5130.00003642985,6,4647.0000329999,4408,4,62460.0004435494,267.000001896056,4854.00003446988,4010.00002847635,8,215700.001531758,446.000003167195,4902,2999,46,4800,2025,113
Queens,Glen Oaks-Floral Park-New Hyde Park,36081157902,0,26939,45045,65774,70938,9,16,23,35,35,14568.1811,30303.57243,135,261400,743,1952,580800,3679.99999839347,3663.99999840045,5,3318.99999855107,3076,2,62499.9999727152,294.999999871216,3271.99999857158,2433.99999893742,6,216299.999905573,693.999999697029,3685,1814,60,3836,1181,146
Queens,Glen Oaks-Floral Park-New Hyde Park,36081157903,0,22250,41206,52188,76705,11,14,17,31,33,12125.65456,26490.6103,153.1716438,231300,773,1110,481300,4378.00000739016,4356.00000735302,1,3749.0000063284,3571,1,57500.0000970613,286.000000482774,3667.00000618998,3102.00000523624,14,201600.000340305,611.000001031382,3841,2391,50,3944,1643,127
Queens,Woodhaven,36081001800,0,17297,37708,47841,55270,2,7,13,13,25,9203.124801,21398.60047,87.2142884,167400,732,990,433000,2346.99998251349,2340.99998255819,0,2200.99998360127,2039,4,39057.9997089952,201.999998494983,2359.99998241663,1720.99998717755,17,160499.998804182,504.999996237457,2795,891,89,2931,458,199
Queens,Woodhaven,36081002000,0,18289,41765,62813,53818,2,11,18,13,23,10411.76465,21462.26304,95.78947368,175000,741,920,425600,1016.99999242276,1013.99999244511,0,931.999993056059,864,0,42287.9996849298,203.999998480082,972.999992750585,744.999994449317,1,170199.998731911,574.999995715916,1332,419,93,1797,280,101
Queens,Jamaica,36081020400,0,10202,29129,28640,37153,,9,0,,16,5226.117128,18883.92821,91.70543933,181146.3801,567.5418257,1066,477800,2474.82760208286,752.068968916312,1713.27587890625,1726.84336897096,270.387811660767,1265.73004150391,34706.0000323225,186.586312565963,1730.30041122086,142.697547875667,1320.99864196777,125645.474407543,482.049587744523,1936.00000077486,77.3103449344635,1341.75862121582,2098,91,1053
Bronx,Mott Haven-Port Morris,36005002702,0,5316,7140,12654,19300,2,5,1,3,8,4120.967702,,75.56565636,148400,298,520,350000,8186.00012198091,5661.00008435547,2465,4463.00006650388,73,1364,25000.000372529,128.000001907349,4012.00005978346,51.0000007599592,1098,67500.0010058284,268.000003993511,4736,54,1112,4475,41,1003
Queens,Woodhaven,36081003200,0,18750,35030,45000,72670,3,4,12,14,17,10255.81316,21813.72479,108.3720933,193000,763,1061,479600,1263.00002705399,1232.00002638996,27,1157.00002478343,1070,1,41667.0008925246,213.000004562549,1177.00002521183,858.00001837872,12,175700.003763568,604.000012937933,1547,461,82,1504,222,145
Queens,Bayside-Bayside Hills,36081112900,0,20035,50442,66500,75603,,24,0,,40,12053.8928,33986.48846,165.890676,311299.9905,952.9999902,1399,676900,2720.64298736025,2633.32840570901,65.4859390258789,2419.01079620142,2121.34741210938,35.7196006774902,73911.9996597445,288.999996631331,2171.95021857461,1749.26826649019,19.8442230224609,277199.98969319,661.000017007551,2292.99999779463,1621.27307128906,31.7507572174072,2242,1380,41
Queens,Elmhurst,36081026700,0,13709,30386,36342,42940,18,25,22,25,29,7056.451539,29375,151.9392806,297100,688,1048,383800,4869.99993310077,4350.99994023028,81,4959.99993186444,1399,95,61666.9991528799,248.999996579485,5548.99992377334,904.999987568008,109,256299.996479205,543.999992527068,6415,494,79,6002,282,64
Bronx,East Tremont,36005036901,0,6984,8883,11172,14194,1,2,3,7,8,4553.571501,18750,84.77192621,215900,318,695,-999,4294.00011197478,2098.00005470961,1854,1347.00003512576,20,487,25000.0006519258,176.000004589558,1533.00003997609,8.00000020861626,411,81300.0021200627,278.000007249415,1687,13,462,2005,17,511
Bronx,East Tremont,36005036902,0,6617,11050,15602,35949,0,3,10,10,14,5558.510669,21666.66667,87.90229885,275000,366,540,1000001,3072.99997710437,1360.99998985976,1559,1637.99998779595,53,902,44999.9996647239,145.999998912215,1550.99998844415,19.9999998509884,840,137499.998975545,246.999998159707,2143,27,991,2119,27,820
Brooklyn,Flatlands,36047073000,0,19583,50609,50598,92802,10,13,0,28,34,13036.3629,28179.48611,108.1818133,215100,656,879,457300,2171.99997370318,2151.99997394532,14,1788.99997834023,1623,57,49185.9994044956,219.999997336417,1829.05147293055,561.343197463582,1049.68212890625,213200.003339618,555.999989991111,2327,291,1870,1979,170,1652
Brooklyn,Flatlands,36047073200,0,19873,45302,62598,68580,,12,0,,26,12690.63243,26570.07761,156.6816996,206114.5322,721.402935,1024,437500,819.289166297298,815.15347039653,1.02826996892691,1823.75694712345,1546.90165710449,114.662274122238,48450.4027462953,243.556640890602,2019.5209956849,496.117627563886,1238.05618429184,192363.891073058,512.688590801711,2363.97480283119,239.312483310699,1853.68190765381,2096,107,1715
Bronx,Belmont,36005038900,0,8701,14896,21936,23903,5,5,5,8,8,5575.269117,15000,61.62576828,176500,554,809,444800,4720.99996317702,4449.99996529077,183,3603.99997188943,2484,102,36428.9997158601,150.999998822226,3744.99997078965,1728.9999865141,162,133899.998955603,344.99999730906,4558,1369,429,5325,1384,694
Queens,Jamaica,36081047000,0,19024,43333,45592,60350,6,12,15,20,19,9061.224522,21713.28785,117.7777806,182000,691,1135,432900,2357.99999780394,2213.99999793805,31,2882.999997315,617,349,42275.9999606274,246.999999769963,3348.999996881,336.999999686144,851,166499.999844935,642.99999940116,3824,143,816,3247,67,639
Bronx,Mount Hope,36005023301,0,7384,16451,24094,30049,6,5,3,10,11,6787.313494,,86.40351294,0,563,796,-999,5053.99996234477,4020.99997004122,907,3763.99997195601,226,1669,28749.9997857958,198.999998517334,4121.99996928871,57.9999995678663,1515,74999.9994412065,398.999997027218,4916,70,1745,4377,43,1520
Bronx,Mount Hope,36005023501,0,7701,14303,27591,25463,11,4,6,9,13,6298.611289,20000,92.7900539,66800,597,784,-999,2694.99999937252,2415.99999943748,156,3316.9999992277,293,796,24999.9999941792,198.999999953667,3384.99999921187,67.9999999841675,832,137499.999967986,403.999999905936,4405,61,1082,3341,25,598
Bronx,Claremont-Bathgate,36005016500,0,4594,8276,11442,16480,,5,0,9,6,3355.931802,,76.70762516,0,492,1117,-999,6442.42379638604,3555.80723446555,2744.31225585938,754.753409949881,13.5099058151245,391.787261962891,39166.9985040942,159.000008070875,611.999998717569,5.99999998742715,250,22499.9999528518,294.999999381835,1243,12,616,1077,10,482
Bronx,Bedford Park-Fordham North,36005040302,0,9521,20047,18750,19324,6,8,7,5,6,8190.475986,,87.0696713,137500,588,810,-999,3234.00009638071,3198.00009530783,14,3573.0001064837,1198,269,45000.0013411045,194.000005781651,4501.00013414025,462.000013768673,486,187500.005587935,422.00001257658,4558,134,565,4386,99,568
Bronx,Van Cortlandt Village,36005026702,0,10899,26116,27379,31901,,14,0,,18,9416.059038,27272.72757,95.30769189,230499.9987,613.0000266,861,437000,5968.56517428532,5897.59849919006,39.5003204345703,5717.50382371247,2901.599609375,621.293151855469,45000.0007348964,203.999992799355,6283.89823060483,1118.05988121778,1238.5693359375,171400.00605655,436.00000866156,7333.00013154745,524.885620117188,1229.19641113281,7040,408,1036
Bronx,Van Cortlandt Village,36005040900,0,19866,35607,41147,50313,16,22,24,19,33,13870.5875,,140.6250086,21100,580,922,33000,1577.99995030824,1547.99995125295,22,3342.99989472778,1214,1724,57499.9981893052,310.999990206503,3104.99990222248,979.999969139462,1743,224999.992914672,557.999982428388,3499,760,2207,3637,636,2302
Queens,Jamaica,36081048000,0,17161,50601,51071,65568,6,10,15,22,25,10710.52626,22653.84691,100.8823564,196300,781,1042,517000,1800.99999832269,1750.99999836925,16,1949.99999818392,648,305,44495.9999585599,226.99999978859,2201.99999794923,255.999999761581,615,168399.999843165,610.999999430962,2650,160,637,2506,104,582
Bronx,West Farms-Bronx River,36005006400,0,13117,28111,35279,42596,4,5,10,15,18,10592.59332,29000,129.375,226500,730,1019,449500,3456.99997464579,2428.99998218531,965,3986.99997075868,236,1492,52499.9996149563,251.99999815179,3391.99997512251,84.999999376596,1334,215399.998420221,534.999996076222,3967,81,1510,3967,64,1375
Bronx,Mount Hope,36005023302,0,6120,18464,31466,19696,7,12,5,14,16,7273.585133,28750,92.5390625,159100,574,853,350000,2728,2433,236,2922,170,793,38750,205,3210,80,896,110000,405,3545,71,993,3415,28,520
Bronx,Mount Hope,36005023502,0,7508,15742,19504,22445,7,3,6,5,4,6782.051056,16785.71429,93.90000347,142000,517,765,255000,3251.99998788536,2907.99998916686,258,3783.9999859035,529,891,19166.9999285974,197.999999262393,4140.99998457357,216.999999191612,1112,92499.9996554106,375.999998599291,5178,120,1024,4386,67,879
Queens,Baisley Park,36081018800,0,16161,36791,44306,86739,7,10,15,10,14,6979.166667,20972.2234,135,154200,636,1396,448500,1337.99999003112,72.9999994561076,1247,1177.99999122322,27,1111,39090.9997087494,247.999998152256,1219.99999091029,14.9999998882413,1154,121199.99909699,554.999995864928,1266,10,1138,1236,7,941
Queens,Baisley Park,36081019200,8250,18060,35625,39519,62692,5,6,18,19,23,8250,18018.86742,126.6923085,148400,670,1060,357200,2233.00000623893,89.0000002486631,2133,1784.00000498444,30,1704,32062.0000895802,214.000000597909,1941.00000542309,16.0000000447035,1764,114500.000319909,535.000001494773,2000,26,1809,1914,17,1387
Queens,South Ozone Park,36081017400,0,14107,42222,57500,62951,6,4,17,11,15,8054.053957,19752.47545,124.25,167200,619,1040,425600,2301.00000214297,756.00000070408,1515,1992.00000185519,137,1509,34152.0000318065,230.000000214204,2236.00000208244,75.0000000698492,1712,143900.000134017,543.000000505708,2396,53,1590,2244,35,1193
Queens,South Ozone Park,36081017600,0,15208,38176,41321,59243,4,4,6,10,16,7735.294005,19389.2046,113.8636353,175400,716,1018,424200,2064.0000038445,665.000001238659,1365,1586.00000295416,178,1181,35931.0000669267,210.000000391155,1950.00000363216,101.000000188127,1482,139200.00025928,544.000001013279,2011,45,1501,2143,48,1204
Queens,Bayside-Bayside Hills,36081143500,0,25072,49934,61125,83523,18,21,24,33,32,12063.02511,31195.65085,123.4615392,271600,883,1168,670400,2271.99999788404,2233.99999791943,1,2029.99999810942,1839,5,66488.9999380773,275.999999742955,1982.99999815319,1431.99999866635,43,243899.99977285,720.999999328516,2174,1113,19,2199,918,13
Queens,Kew Gardens,36081013800,0,16848,38149,45863,51844,,29,0,,39,10250.0004,21736.11176,137.6519395,158300.0002,772.9999653,1180,320000,2975.04034086876,2842.3507482009,74.8249588012695,2937.12902867794,2136.00317382813,118.722267150879,42902.9990712213,259.999986313548,3847.9981873678,2592.93422062974,207.514556884766,177800.00036209,505.000011025556,3597.5840306282,1555.36145019531,245.425872802734,3604,1321,230
Queens,Baisley Park,36081028400,0,16678,35041,54970,74375,,12,0,,15,7653.113557,19488.20215,125.1999356,151989.1798,850.69022,1182,373400,2494.82511931427,174.397893188904,2257.91421031952,2091.9291107237,39.7641670405865,1955.26319789886,35448.7469114868,222.525040798177,2326.13371205563,19.1267371659633,2202.18040180206,127334.26477492,597.64515669747,3255.46430160664,26.0991854220629,3084.66794300079,3438,16,3058
Queens,Queens Village,36081058000,0,20440,53779,55750,83510,,10,0,20,27,11823.39473,23433.39011,115.1494268,184800,723,1170,441000,3294.50798370665,2886.13945736744,366.331570446491,3488.23081987401,685.143714740872,2379.01934814453,48262.9624945106,250.005828815415,3824.12303436754,237.05645975394,3239.96596837044,163000.804486552,673.006517586065,4145,128,3637,3641,100,2996
Queens,Forest Hills,36081071303,0,18989,32229,46543,54591,,28,0,,60,11091.20103,39903.85004,168.7562194,86600.00102,804.000017,1142,244200,6052.60056537576,5930.33918153495,16.3309421539307,5037.8752171807,4549.27099609375,45.4618148803711,67000.0008598715,301.000011538714,4632.24990400486,4095.09429341182,39.7239151000977,268200.004927167,503.999995766883,4923.99997246265,3730.51708984375,126.675148010254,4973,3191,115
Queens,Kew Gardens Hills,36081077902,0,23712,47500,56862,73048,19,37,40,48,54,12556.96248,32964.13662,155.7827118,269200,873,1429,556100,5527.00002058968,5376.00002002716,24,4906.00001827627,4256,203,67755.000252407,282.000001050532,4956.00001846254,4244.00001581013,130,244400.000910461,565.000002104789,5389,4316,176,5263,4371,121
Queens,Kew Gardens Hills,36081077907,0,17625,35736,39070,46923,,24,0,,34,9820.313192,30790.27395,154.0738224,210499.9999,679.0000058,878,555400,3316.15636328235,2942.869327683,301.216766357422,2691.85535572469,1850.41955566406,287.665100097656,63512.0015399667,272.999990682359,2687.54345927387,1657.61619273573,332.632019042969,215699.99873531,434.9999839535,2998.00003999472,1515.32360839844,339.407867431641,3193,2299,227
Queens,South Ozone Park,36081017000,0,17910,44681,47197,50234,,8,0,,6,8777.663856,20880.88064,116.178431,164909.1335,679.9820107,1133,515600,2907.4348889325,1398.64116214454,1464.77926570177,2123.24287062127,201.140070542693,1518.83910804987,36607.9575755439,218.996849823689,2180.28232687491,103.060499523534,1567.91144496202,146298.633050936,567.995370004022,2376.46646630543,70.0269619356841,1504.87987977266,2600,44,1339
Queens,South Jamaica,36081019400,0,16690,34912,49658,59476,,8,0,,17,8315.959711,19292.77922,126.4552003,154875.308,797.505484,1092,430100,2665.95526991482,189.560717154294,2441.50158691406,2135.54344747518,39.8704681396484,2029.93762207031,34475.2458057965,226.608860051822,2310.24496074463,28.9380498710088,2071.03344726563,123372.752312786,567.528105580579,2740.74684733152,30.8760986328125,2411.74365234375,2628,15,1822
Brooklyn,Sunset Park West,36047002200,0,8208,26300,28164,38070,,7,0,14,22,4867.521371,8437.500477,78.20588648,156600,565,869,413300,4067.33327113247,3708.83274465652,261.635467529297,3586.00387346838,948.678283691406,251.649398803711,22500.0002028044,190.999995403867,3525.18917760495,814.041706643087,225.181671142578,193800.003526504,444.00001360891,4240,836,247,4613,785,224
Bronx,Hunts Point,36005011900,0,5638,10027,16990,20253,,2,0,5,7,4278.553278,,83.2277211,119700,346,808,377800,9540.01003789155,4695.9356643149,4559.17602396011,3455.6834361466,46.1117957308888,1086.33538720012,32503.1995871711,157.001196429015,4435.34622329782,34.0678759160119,1234.43919751048,215.757412144426,283.984355387436,4793,52,1248,5698,80,1408
Brooklyn,Canarsie,36047097400,8625,9917,48750,48707,57730,6,4,6,17,14,8625,19687.5,118.3333369,224000,607,958,539600,1306.00000562542,1272.00000547897,15,1976.00000851136,1318,389,37679.0001622973,232.000000999309,2066.00000889902,897.000003863708,867,168200.000724499,532.000002291519,2599,573,1638,2724,237,2134
Brooklyn,Bushwick North,36047044500,0,10282,23656,30417,39635,2,6,13,14,20,6675.675728,22203.39028,66.40755928,168200,593,1060,426200,3849.99997131526,3798.99997169524,25,3379.99997481704,1429,4,36809.9997257441,167.999998748302,4267.99996820092,539.999995976686,134,149999.998882413,419.999996870756,4576,297,201,4446,645,152
Brooklyn,Bushwick North,36047044700,0,8865,18472,23250,41648,1,3,3,8,20,6860.465149,8750,71.93181757,177800,538,855,281800,1773.00001981482,1758.00001964718,1,1492.0000166744,654,24,17500.0001955777,165.000001844019,1840.0000205636,298.00000333041,68,80000.0008940697,374.000004179776,1883,138,88,2310,608,278
Queens,Rosedale,36081061602,0,26544,60890,56310,78500,6,20,28,23,19,13227.27197,25491.07171,96.25,189600,763,1733,436000,973.000001812354,957.000001782551,14,1088.00000202656,430,546,51136.0000952482,240.000000447035,1262.00000235066,290.000000540167,785,171900.000320189,625.000001164153,1545,104,1290,1152,36,1016
Manhattan,Central Harlem North-Polo Grounds,36061023502,0,4491,10764,16094,24866,1,2,0,7,20,4322.222222,,65.47520611,350000,462,698,-999,2447.99996352196,21.9999996721745,2410,1567.99997663498,7,1524,,145.99999782443,1438.99997855723,16.9999997466803,1249,0,292.99999563396,2040,17,1454,1819,119,1340
Brooklyn,Bay Ridge,36047006600,0,12642,32161,37500,47119,8,13,25,30,40,7852.173734,30208.33333,86.53153144,285200,714,1105,575900,4862.99998188391,4792.99998214468,23,3663.99998635054,3243,8,63332.9997640662,203.999999240041,3482.99998702481,2901.99998918921,30,244399.999089539,475.999998226762,3631,2570,25,3663,2417,76
Brooklyn,Bay Ridge,36047013400,0,17072,40264,43918,62557,,16,0,,37,9762.86733,25781.8945,89.65933401,281798.7632,771.9723085,952,663300,4096.05955476858,4062.05254943066,6,3771.9930040559,3572.82486861944,0,61147.0243133007,215.995436782586,3449.97373881136,3033.71104076449,2.00525394035503,253391.862169861,516.99148704202,3889.99999998091,2793.46059542894,28.0017513134517,3907,2550,101
Manhattan,Central Harlem South,36061019702,0,4911,30313,26029,59091,2,1,32,31,59,4442.478132,,65.11406507,141600,534,927,465700,3128.00001165271,39.0000001452863,3080,1178.00000438839,5,1090,27500.0001024455,131.000000488013,1581.00000588968,166.000000618398,1104,300000.001117587,285.000001061708,2088,228,1220,2090,543,1006
Brooklyn,Bay Ridge,36047007000,0,15487,29312,39831,60149,,12,0,24,42,7858.094957,22785.88174,86.08008788,244300,634,926,606300,1787.73079871299,1760.30608638688,2.20164903998375,2288.93064765872,1796.23353803158,100.350621461868,44958.7887525732,222.488899468534,2326.91162577597,1483.13420063944,98.3137441575527,140095.441484667,458.976239657585,2549,1444,144,2344,1349,137
Brooklyn,Sunset Park West,36047007200,0,13240,22312,35417,37333,,7,5,11,17,7635.135031,,72.56097296,237500,635,990,-999,1311.93616914654,1227.86138647588,10.1628856658936,1371.0656866292,618.088256835938,0,45000.0006705523,177.999998225018,1435.00002138317,340.000005066395,8,187500.002793968,444.000006616116,1858,226,74,1946,226,47
Brooklyn,Bay Ridge,36047003800,0,19257,41351,65234,82216,17,21,28,53,56,11637.09647,33800,146.4893696,328000,814,1170,651900,1859,1856,1,1603,1531,3,71102,278,1480,1377,1,330500,555,1607,1385,4,1498,1168,15
Bronx,Pelham Bay-Country Club-City Island,36005051600,0,19653,40727,56750,64701,9,20,34,33,29,10810.81024,24738.56277,106.4516149,272100,723,933,578600,4930.00002410496,4741.00002318085,177,4163.00002035475,4001,22,57110.0002792361,246.000001202803,4053.00001981691,3772.00001844298,44,211800.001035584,525.000002566958,4520,3799,81,4362,3285,139
Brooklyn,Sheepshead Bay-Gerritsen Beach-Manhattan Beach,36047062000,0,26907,60133,72414,95833,29,36,44,58,62,12743.93899,46682.96652,127.8678886,565227.1579,863.145,989,1000001,1939.00001113117,1908.00001087412,21,1744.00001029298,1678,11,90028.5590580294,277.526550848894,1656.00000976771,1570.00000900775,2,366532.103500028,603.07692782194,1759,1690,3,1850,1766,12
Brooklyn,Homecrest,36047039000,0,14539,37619,38102,52174,5,14,17,28,23,9371.429091,30543.47936,119.8850535,258200,684,1238,612500,2560.00000953674,2551.00000950322,0,2186.00000814348,2118,0,61500.0002291054,239.000000890344,1896.00000706315,1726.00000642985,1,224200.00083521,484.000001803041,2192,1966,1,2282,2017,8
Bronx,Bronxdale,36005032800,0,14050,23525,28347,37314,8,10,13,18,20,9015.956696,26400,109.5652134,219700,572,771,495300,4025.99999250099,3816.99999289028,174,3499.99999348074,2819,217,47399.9999117106,214.999999599531,3346.99999376573,2139.99999601394,224,182799.999659508,436.999999186024,3937,1407,757,3979,870,971
Bronx,Bronxdale,36005034000,0,10266,25979,29459,39897,5,9,10,11,17,7648.148034,26041.66667,84.65517287,192600,636,865,464600,3843.00000894768,3774.00000878703,11,3820.00000889413,2612,262,51667.0001202966,192.000000447035,4133.00000962289,1302.00000303146,818,173700.000404427,429.000000998843,4360,569,1568,4618,336,1819
Brooklyn,Carroll Gardens-Columbia Street-Red Hook,36047004900,0,14599,41441,62344,80114,,22,0,55,56,7393.51884,31363.63734,72.35294323,641000,957,1388,1000001,3039.30217945576,2753.55582070351,173.845687866211,2531.75270307064,1625.55712890625,122.890914916992,69286.000907339,200.999996307897,2389.87863683701,1591.58723598719,215.808441162109,271400.000490638,566.000008842431,2593,1551,253,2516,1692,263
Brooklyn,Carroll Gardens-Columbia Street-Red Hook,36047006300,0,10503,35827,60274,85046,3,8,41,57,71,6016.666541,,67.96116525,354000,888,1744,617200,2493.00002626522,2425.0000255488,34,2079.00002190348,1621,16,61250.0006453047,172.000001812121,1699.00001789996,1431.00001507642,15,43800.0004614587,547.000005762966,1821,1320,58,1892,1496,46
Brooklyn,Sunset Park East,36047009400,0,11300,26712,28822,39830,4,9,16,14,20,8283.333059,25000,85.93220403,262100,674,905,675400,3918.99994160235,3884.99994210899,3,3678.99994517863,2561,6,55999.999165535,190.999997153878,4009.99994024634,2241.9999665916,54,256299.996180832,450.999993279576,4855,1494,70,5805,1114,93
Brooklyn,Sunset Park East,36047009600,0,10603,25191,29654,44606,2,6,7,11,17,7626.262519,24285.71429,75.92814387,226000,679,994,593300,4677.00003484637,4620.00003442168,12,4778.00003559887,1536,59,38750.00028871,191.000001423061,5113.00003809482,1080.00000804663,218,217500.001620501,448.00000333786,5900,643,171,6126,668,118
Brooklyn,Sunset Park West,36047008200,0,9045,19219,28648,52681,3,6,10,15,16,6325.757656,13333.33295,74.83443703,212500,646,1061,790100,3671.00005470216,3541.00005276501,68,3385.00005044043,834,90,30625.0004563481,183.000002726913,3563.00005309284,501.000007465482,97,172900.002576411,422.00000628829,4072,406,194,4141,543,152
Brooklyn,Cypress Hills-City Line,36047117602,0,14122,28973,27244,33375,2,5,7,6,10,9481.818665,19125,87.13333282,172400,700,1089,534300,2243.00001671165,2236.0000166595,1,2286.00001703203,968,80,33750.0002514571,199.000001482666,2803.00002088398,315.000002346933,474,152800.001138449,534.00000397861,3173,172,563,3313,130,548
Brooklyn,Cypress Hills-City Line,36047117800,0,11653,25714,35625,43500,2,8,8,7,10,7685.714209,17500,96.5,178600,678,1210,442300,1246.99998606369,1192.99998666719,21,1147.9999871701,453,33,37499.9995809048,203.999997720122,1439.99998390675,196.999997798353,175,134999.998491257,517.999994210899,1715,56,385,1717,44,296
Brooklyn,Crown Heights North,36047034900,0,8020,20813,27981,35158,3,8,7,10,11,6354.7487,26000,88.11452156,203200,537,833,564400,6011.99997760355,1800.99999329075,4027,4673.99998258799,114,3877,61666.9997702725,193.999999277294,5284.99998031184,90.9999996609986,4370,191699.999285862,400.999998506159,5572,105,4870,5403,201,4590
Brooklyn,North Side-South Side,36047055100,0,6478,12839,27083,43074,1,2,9,22,47,4718.354422,16250,62.20720738,220100,531,896,692700,5763.99994900264,5223.99995378032,398,3905.99996544141,439,115,13332.9998820354,152.999998646323,4717.99995825719,546.999995160382,124,112499.999004649,324.999997124542,4313,966,149,4597,1780,189
Bronx,Woodlawn-Wakefield,36005041800,0,12349,25478,42481,42703,6,8,11,14,14,8619.028711,22321.42804,92.52525562,212800,643.8440914,924,450800,3088.0000060536,3064.00000600889,20,2736.00000534765,2045,152,45000.000083819,193.000000359491,3184.00000618212,1168.00000225939,969,176100.000328012,461.547693224131,3587,342,1831,3598,186,1923
Brooklyn,Crown Heights North,36047035100,0,9813,17623,26124,34766,3,11,9,16,14,5704.724761,19583.33448,84.77586172,214800,511,839,490200,5139,1979,3052,3965,240,2858,42222,188,5158,687,3554,125000,370,5052,660,3688,4597,749,3199
Brooklyn,Cypress Hills-City Line,36047114202,0,9948,26969,40039,26318,9,10,12,17,8,7926.828829,21381.57724,94.08045669,181900,677,803,474700,2267.99998204596,2071.99998359755,185,1853.99998532329,598,321,37999.9996991828,199.999998416752,2165.99998285342,275.999997815117,748,146299.998841854,526.999995828141,2508,79,1013,2766,63,954
Brooklyn,Madison,36047064200,0,16944,32969,38182,67303,18,24,32,37,54,10719.101,35681.8162,109.8550691,341600,695,1012,762300,2501.00001776044,2487.00001766102,6,2319.000016468,2178,7,69476.0004933723,227.000001612003,2407.00001709291,2072.00001471397,10,282600.002006837,461.000003273715,2693,2237,22,2518,2050,33
Brooklyn,Georgetown-Marine Park-Bergen Beach-Mill Basin,36047064400,0,16649,37796,49653,88007,9,16,23,22,38,10222.22253,28993.05466,103.8,248400,695,1012,594100,2457.99994505942,2452.99994517118,0,2232.99995008856,2166,7,59473.9986706525,212.999995239079,2048.99995420128,1903.99995744228,1,220299.995075911,510.99998857826,2299,1922,48,2528,1979,65
Queens,Queensbridge-Ravenswood-Long Island City,36081005500,0,12008,18651,33611,49902,1,7,15,13,24,7138.888652,19375,71.57894861,176900,728,1157,944400,847.999978478998,804.999979570275,4,899.999977159314,410,8,34999.9991117511,178.999995457241,929.999976397958,347.999991168268,35,156299.996033334,420.999989315635,1216,256,20,1067,290,17
Brooklyn,Brooklyn Heights-Cobble Hill,36047000502,0,17082,41626,65013,89545,,52,0,,85,8531.358328,55624.99941,121.7852739,217699.9952,868.9999886,1550,554700,2931.27303818613,2765.2595484741,111.714172363281,2747.4564932771,2377.15283203125,132.632766723633,112500.004192301,274.999993579327,2668.23289765045,2241.40464930236,136.638442993164,500001.015257368,536.000010871,2739.00001913309,2230.27783203125,126.84676361084,2512,1985,121
Manhattan,Midtown-Midtown South,36061010100,0,11222,26146,66786,75375,44,37,36,60,79,4676.470673,,47.05882433,0,1514,2001,-999,157.000002339482,144.000002145767,4,328.000004887581,237,39,,370.00000551343,1233.00001837313,371.000005528331,81,0,642.000009566545,239,157,22,1116,489,187
Manhattan,Midtown-Midtown South,36061010900,0,4109,20909,71641,151389,2,32,55,83,100,5566.666667,,87.24550531,625000,1136,-999,1000001,318.999998811632,201.999999247491,117,622.999997679144,220,289,,155.999999418855,289.999998919666,123.999999538064,118,0,895.99999666214,208,97,13,183,73,6
Manhattan,Midtown-Midtown South,36061011900,0,7604,15636,12173,13856,16,22,24,32,27,4977.77799,,122.796606,625000,428,507,-999,1449.00001079589,1224.00000911951,191,1704.00001269579,1038,364,,202.000001505017,2005.00001493841,958.000007137656,551,0,410.000003054738,1405,761,304,1120,454,389
Manhattan,Midtown-Midtown South,36061012500,0,7096,16429,76099,113846,19,24,25,72,76,5538.461415,,109.8412672,112500,2001,2001,-999,1448.00003590528,1164.00002886308,147,1218.00003020209,817,167,,227.000005628797,968.000024002977,450.000011158409,268,0,429.000010637683,1762,1023,114,2719,1302,143
Manhattan,Upper West Side,36061017500,0,17517,52140,87026,123771,35,50,67,72,77,8701.834829,,149.1575122,470000,1059,1623,1000001,10355.0000385754,9375.0000349246,794,10357.0000385828,8273,859,96000.0003576279,320.000001192093,11160.0000415742,8965.00003339723,692,450000.001676381,608.000002264977,10725,8650,551,10820,8656,476
Manhattan,Hamilton Heights,36061022500,0,10116,21360,28689,32813,8,8,12,13,25,6445.686812,23750,88.14705315,162500,506,727,133900,11035.0000822172,5645.00004205853,4657,10248.0000763536,497,3253,50000.000372529,191.000001423061,11055.0000823662,384.000002861023,2916,81300.0006057322,356.000002652407,11108,405,2465,10149,1078,2114
Manhattan,Hamilton Heights,36061023100,0,7832,17698,25272,37220,,7,0,,36,4852.830357,20833.33409,83.65789727,366199.9842,507.9999966,823,740400,6323.00389412045,78.3762490749359,6192.70361328125,5349.17899936438,43.1069374084473,5106.21240234375,59000.0033938606,160.000004101668,5717.54737001657,105.807936251163,4662.4072265625,293800.00642049,333.999994455296,5840.01034802198,142.05696105957,3898.23876953125,5865,733,2838
Manhattan,Washington Heights South,36061024500,0,9017,18200,25631,34802,7,6,8,8,14,5706.467556,17708.33443,84.66867509,240600,518,776,254500,13299.9999814201,7936.99998891214,4942,13334.9999813712,866,3401,22499.9999685679,180.999999747146,15204.9999787589,537.999999248423,2543,143799.999799114,353.999999505468,15838,411,1678,14934,859,1480
Manhattan,Washington Heights South,36061025100,5000,8227,12540,21354,33561,6,7,7,7,12,5000,,75.47753268,9999,506,590,-999,2733.99999299785,1996.99999488541,581,2628.99999326677,360,364,22499.9999423744,164.999999577412,3777.99999032402,239.999999385327,896,93799.9997597653,329.999999154825,2995,163,383,2526,163,268
Manhattan,Washington Heights North,36061027100,0,11140,21039,32168,38125,8,11,18,23,28,6733.766123,,88.8786783,94600,597,897,536000,7398.99998621829,6935.99998708069,330,7637.99998577312,2840,194,39999.9999254942,205.999999616295,8105.9999849014,2230.99999584444,225,46299.9999137595,408.999999238178,8897,1829,137,8196,2017,206
Manhattan,Marble Hill-Inwood,36061029100,0,8769,16544,21826,31525,4,7,5,10,13,6456.445703,,76.40975288,12600,533,773,181600,10293.0001198263,9314.00010842923,688,10039.0001168693,1322,748,7500.00008731149,178.000002072193,12549.0001460896,643.000007485505,690,225000.002619345,365.000004249159,12413,378,510,11288,473,517
Manhattan,Marble Hill-Inwood,36061029300,0,9167,17182,21678,35945,4,6,9,9,23,6503.731368,,76.11394752,9999,543,815,-999,7061.00006576069,6622.00006167218,339,7206.0000671111,1581,550,,179.000001667067,9356.00008713454,843.000007851049,514,0,372.00000346452,9522,495,340,9033,498,282
Manhattan,Lower East Side,36061002601,0,4876,15327,28060,38468,4,8,20,20,34,3871.468991,,67.03154153,187500,426,702,724500,7798.99994189292,6066.99995479733,1423,2720.99997972697,309,362,44999.9996647239,152.999998860061,2785.99997924268,460.999996565282,400,0,282.999997891486,3400,630,438,3772,994,526
Manhattan,Lower East Side,36061002602,0,4455,20918,33100,55333,8,20,39,49,58,4207.62681,,61.19585935,234500,833,1461,655900,7106.99984114617,5962.99986671656,905,1875.99995806813,521,247,22499.9994970858,152.999996580184,2724.9999390915,1282.99997132272,391,279999.993741512,360.999991931021,3718,1734,330,4227,2156,360
Brooklyn,DUMBO-Vinegar Hill-Downtown Brooklyn-Boerum Hill,36047001100,5600,11289,7743,29732,73269,0,39,16,0,33,5600,,49.31817927,,651,1221,-999,151.000002250075,110.000001639128,35,184.000002741814,92,25,20000.0002980232,151.000002250075,70.0000010430813,21.0000003129244,28,,400.000005960464,117,31,24,84,31,14
Brooklyn,Dyker Heights,36047020000,0,17115,26420,38936,50610,2,8,14,19,17,9052.632246,27159.09136,103,298900,717,1219,668400,2312.99998276681,2308.99998279661,1,2029.99998487532,2002,0,60579.9995486438,219.999998360872,1805.99998654425,1661.99998761714,1,215299.99839589,528.999996058643,1940,1605,1,2265,1369,13
Brooklyn,Dyker Heights,36047020200,0,20022,33869,47422,79242,3,9,13,30,26,10270.27101,27903.22564,113.7254883,289900,741,1301,632500,1969,1969,0,1983,1969,0,61516,245,1746,1716,1,242800,571,1758,1473,2,1874,1360,9
Brooklyn,Bay Ridge,36047016000,0,13723,25503,41049,48833,9,11,18,29,34,8457.626761,23958.33333,91.36943479,216000,673,1041,511100,3804.99999468448,3751.99999475852,13,3521.99999507982,3146,14,54053.9999244874,201.999999717809,3325.99999535363,2584.9999963888,26,213599.999701604,463.999999351799,4246,2358,144,4217,2343,164
Brooklyn,Bath Beach,36047016800,0,16474,34183,49444,66964,5,14,21,26,32,11037.3833,31271.18533,130.564512,284500,532,900,592000,1809.99998651445,1805.99998654425,0,1598.99998808652,1582,0,66730.9995028153,221.999998345971,1419.99998942018,1371.9999897778,1,242899.998190254,415.999996900558,1425,1275,1,1510,1151,7
Manhattan,Turtle Bay-East Midtown,36061010800,0,24330,52991,71262,104906,36,54,58,74,81,10278.6881,,216.2262875,299800,1313,1671,665800,7075.99993409961,6919.99993555248,51,7937.99992607161,7120,68,166666.998447793,450.999995799735,7685.99992841855,6868.99993602745,74,287499.997322448,846.999992111698,8079,6873,97,9039,7337,167
Bronx,Schuylerville-Throgs Neck-Edgewater Park,36005013800,0,16155,47532,48813,58291,2,7,10,17,22,10822.48512,12030.4565,162.6168224,149400,726,1216,304600,3561.00001518308,3541.0000150978,19,3514.00001498268,3259,70,28690.0001223259,238.000001014763,2862.00001220274,2522.00001075308,37,104700.000446411,524.000002234185,1940,1247,35,3042,1939,146
Bronx,Schuylerville-Throgs Neck-Edgewater Park,36005015800,0,18125,28277,33438,44167,1,4,12,10,13,11395.83295,23712.12121,122.8846114,224700,819,989,494100,979.999985396862,977.999985426664,0,869.99998703599,803,0,47999.9992847443,246.999996319413,1046.99998439848,933.999986082315,2,179599.997323751,636.99999050796,1211,800,15,1206,505,59
Bronx,Mount Hope,36005037900,0,6688,15675,22824,21451,3,5,6,8,9,5588.028422,16666.66625,82.651511,201300,546,844,356500,4779.00007788884,2860.00004661269,1859,4878.00007950235,244,2776,25000.0004074536,191.000003112946,5072.00008266419,99.0000016135164,2779,80600.0013136305,367.000005981419,5057,52,2363,5093,83,2409
Bronx,Mount Hope,36005038100,0,6348,14551,19349,27500,5,6,4,7,17,6168.539648,17031.25,88.97959274,184100,565,804,418100,5233.99996100366,4555.99996605515,629,5386.99995986372,560,1662,33332.9997516498,193.999998554587,5997.99995531142,202.999998487532,1304,85399.9993637204,383.999997138977,6192,127,1339,6382,87,1505
Manhattan,Chinatown,36061003001,0,6992,19052,34826,64365,3,9,22,40,61,3386.266051,,57.14285561,153800,738,1375,757200,5858.0000436455,4554.00003392994,514,3752.00002795458,500,129,65000.0004842877,140.000001043081,4007.00002985448,927.000006906688,128,450000.003352761,364.000002712011,4275,1435,145,4492,2240,141
Manhattan,East Village,36061003002,0,6064,20827,34450,42529,11,16,30,47,63,4753.124919,,68.55882481,183000,616,863,628400,3353.9999862852,2762.99998870185,319,2601.99998936019,1269,345,6666.99997273805,151.999999378459,2780.99998862825,1585.99999351471,191,287499.998824387,364.999998507483,3281,1812,241,3106,1625,204
Manhattan,West Village,36061005900,0,22963,48134,72480,90982,44,62,72,79,84,10843.18735,,183.5048398,418100,1141,1387,857400,5864.00001092255,5692.00001060218,95,5873.00001093932,5483,86,104167.000194026,364.000000678003,5964.00001110882,5308.00000988692,138,500000.000931323,679.000001264736,5581,4718,139,5401,4363,92
Manhattan,Hudson Yards-Chelsea-Flatiron-Union Square,36061005600,0,15153,69011,85399,131250,16,46,81,81,78,6081.08113,,133.0327927,472400,1836,2001,1000001,656.999986538664,621.999987255782,17,1206.99997526966,1024,86,,345.999992910773,2152.99995588697,1840.99996227957,18,449999.990779907,1000.99997949041,2577,1859,219,3322,2241,300
Brooklyn,Bay Ridge,36047005400,0,16918,35507,45267,49375,11,20,27,38,50,9712.120827,30000,107.757578,218800,738,1127,504800,3557.99998073943,3536.99998085311,8,3297.9999821469,3109,3,64999.9996481347,231.999998744112,3092.99998325662,2815.99998475611,28,253899.99862556,509.999997239211,3205,2499,19,3139,2321,55
Bronx,Mott Haven-Port Morris,36005002500,0,6066,8246,12221,15207,0,3,2,3,5,4683.574812,18125,70.72289166,92400,294,553,381300,7097.00013219193,5029.00009367242,1899,5299.00009870157,72,1407,22500.0004190952,144.000002682209,5484.00010214746,41.0000007636845,1266,84400.0015720725,260.000004842877,5109,40,974,5491,78,1001
Bronx,Schuylerville-Throgs Neck-Edgewater Park,36005015200,0,17521,34893,54609,45161,,4,0,,18,8699.25447,25895.68505,99.83457282,193763.1052,755.6782916,1119,430900,2829.24325396831,2810.19211987033,15.0102267675102,2151.88308487646,1958.5309009552,1,49179.4464593105,225.457363153851,1946.43310442625,1597.55937864771,8.0409070700407,180261.317083651,535.989221698864,2382.00000013039,1352.98799514771,43.6340596079826,2341,794,149
Bronx,Woodlawn-Wakefield,36005044200,0,15112,33611,36475,38900,4,10,11,18,18,9218.309204,23208.33333,86.88461496,195200,649,845,373600,3219.00000946221,2750.00000808359,449,3121.00000917414,1177,1185,47143.0001385762,206.000000605534,3260.00000958273,504.000001481501,1740,164500.000483546,458.000001346285,3715,254,2645,3555,80,2489
Brooklyn,Homecrest,36047058200,0,12217,28278,24738,31849,4,13,13,21,27,7964.911836,26176.4707,90.36082849,265900,640,866,669300,2707.99999495596,2606.99999514408,22,2721.99999492988,2395,15,56278.9998951722,210.999999606982,2623.99999511242,1972.999996325,18,229499.999572523,458.999999145046,2999,1870,41,2967,1715,31
Brooklyn,Homecrest,36047055400,0,12836,24398,28291,34497,9,18,21,36,41,8703.704354,22717.39063,107.2868215,325500,666,968,658200,4020.00005241483,3919.00005109794,44,3758.00004899874,3203,22,48409.0006311815,225.000002933666,3827.0000498984,3144.00004099309,61,221100.002882816,470.000006128103,4284,3075,43,4216,3142,65
Brooklyn,Homecrest,36047055600,0,14475,27169,37828,51397,10,17,23,35,40,9323.529735,25338.983,125.5263129,254500,713,917,625700,3539.99993406236,3510.99993460253,17,3238.99993966892,3105,6,51666.9990376271,243.999995455146,3240.99993963167,2817.99994751066,19,252999.995287508,470.999991226941,3806,3148,36,3712,3066,38
Brooklyn,Flatbush,36047152200,0,21374,53740,58327,82583,22,36,48,42,47,10909.62075,42625.42634,109.8858027,362596.5909,726.7857143,1050,812100,3241.99999947706,3088.00000004284,89,3040.00000134669,2031,497,73348.442767073,223.595854494219,3371.00000042375,1685.00000506546,874,310679.768356295,487.857140503225,3407,1248,971,3317,1294,741
Brooklyn,Crown Heights North,36047021700,0,9508,19229,30712,41113,11,12,16,23,31,6077.586377,15625,91.15385015,173800,601,870,466700,4617.99993118644,1717.99997439981,2663,3480.99994812906,149,2592,33749.9994970858,215.999996781349,3960.9999409765,68.9999989718199,3069,120799.99819994,384.999994263053,3843,147,2917,3597,673,2111
Brooklyn,East Flatbush-Farragut,36047083400,0,22880,41480,58990,83141,3,6,12,12,23,10770.83291,22361.11082,106,177500,604,921,455400,1636,1628,1,1659,731,710,42769,238,1703,186,1402,178200,597,2132,54,1942,1701,26,1563
Brooklyn,East Flatbush-Farragut,36047085400,10100,15020,55080,50817,67625,4,12,18,20,18,10100,22773.97301,91.05263803,179600,602,965,439500,1651.00004920363,1528.00004553795,108,1847.00005504489,362,1233,43919.0013088882,216.000006437302,1991.00005933642,87.000002592802,1757,177000.005275011,507.000015109777,2210,58,1982,2052,18,1856
Queens,Baisley Park,36081078800,0,14469,27260,48523,60543,0,8,12,14,14,7771.739362,18723.9595,126.3934462,143300,740,1526,337900,1924.00000873534,180.000000817236,1728,1569.00000712357,68,1404,34375.0001560693,231.000001048786,1510.0000068557,34.0000001543667,1364,115800.000525755,530.000002406305,1746,9,1550,1818,26,1383
Bronx,Pelham Parkway,36005022403,0,10470,21831,30982,39519,,11,0,,27,8342.105186,,94.75609309,41499.99855,659.9999997,932,105400,2921.37945267558,2911.09447985888,8.04910945892334,2743.40470567346,2315.46044921875,25.0416736602783,49999.9985718691,212.000008523147,2755.92554214597,1526.64770418406,104.63842010498,0,421.999991301102,3187.00005498528,977.966735839844,448.96142578125,3188,634,512
Manhattan,Chinatown,36061001600,0,10194,19482,23619,26298,4,13,12,15,20,3921.052678,,48.63541795,138400,533,773,664400,6356.99997580954,2245.99999145324,220,8084.99996923394,626,164,12499.9999524334,150.999999425396,8708.99996685942,588.999997758663,54,114999.999562388,331.999998736632,9598,526,43,8478,987,91
Brooklyn,Flatbush,36047046201,0,13765,25919,25689,26926,17,17,31,27,34,9863.636882,23513.51324,136.2195132,148800,591,881,380300,2249.99996385304,2221.99996430287,15,2149.99996545957,1991,33,49642.9992024696,232.999996256782,2180.99996496155,1776.99997145194,64,201199.996767659,395.999993638135,2447,1770,53,2632,1978,38
Bronx,Woodlawn-Wakefield,36005044400,0,17315,45659,44459,58534,5,9,26,23,23,9564.996369,22226.85947,127.1650574,185039.314,736.2762923,1054,405100,3703.99993091449,3473.99993700022,205,3379.99993661838,1436,1356,47357.6300179786,253.041232426488,3003.99994368106,562.999990150798,1913,167941.952734654,559.798805782434,3937,245,3087,3878,145,2968
Bronx,Woodlawn-Wakefield,36005044800,0,19265,53662,63625,76190,7,9,21,26,32,13669.01401,23343.02344,117.027028,191500,814,1662,385400,1829,1605,206,1671,539,847,51514,240,1562,216,1133,164300,628,1836,85,1532,2026,53,1658
Bronx,Allerton-Pelham Gardens,36005034200,0,14265,31490,40800,70875,2,5,16,21,37,9086.955952,24270.83493,90.86206805,197200,745,985,415900,1471.99998697639,1409.99998752493,62,1235.99998906441,787,202,46332.9995900658,207.999998159707,1333.99998819735,467.99999585934,474,172499.998473795,495.999995611608,1533,221,787,1675,150,876
Bronx,Allerton-Pelham Gardens,36005034400,0,15507,40104,40368,36726,4,13,19,23,28,10173.9131,24671.05351,105.1428584,193100,686,950,402300,1450.99998893583,1315.99998996523,135,1421.99998915696,762,408,47678.9996364379,202.999998452084,1286.99999018636,444.999996606784,516,175999.998657964,501.999996172148,1537,240,815,1736,166,827
Brooklyn,Flatbush,36047051200,0,11534,26026,31393,41398,17,16,17,12,23,8947.826157,58571.42857,109.6681418,535700,651,896,179700,4850.99995153904,4747.999952568,26,5678.99994326742,1152,3005,70999.9992907178,238.999997612416,7175.99992831255,392.999996073973,4831,359999.99640364,462.999995374681,6871,231,4876,6398,451,4130
Brooklyn,Bedford,36047025901,0,8324,15938,18150,26053,1,0,7,7,26,4920.792075,,82.27999684,162800,533,1066,485600,2907.00004331768,1381.0000205785,1475,1645.00002451241,28,714,25000.000372529,187.000002786517,1607.00002394617,24.0000003576279,615,162500.002421439,398.000005930662,1887,39,843,2010,213,846
Brooklyn,Bedford,36047025902,0,7035,10862,13218,20963,0,1,2,3,10,6294.444144,,76.03873384,0,260,445,-999,3351,1298,1991,4068,27,2887,,150,4081,21,2908,0,220,3595,22,2138,3419,24,1737
Queens,Queens Village,36081056600,11875,26165,42880,53550,79135,13,17,17,20,24,11875,23118.81198,72.30769405,192800,681,1049,496500,1123.00001045875,1122.00001044944,0,1260.00001173466,952,100,45918.0004276447,234.000002179295,1249.00001163222,556.000005178154,199,166600.001551583,534.000004973263,1588,275,398,1487,160,429
Manhattan,East Village,36061004200,0,17062,41419,63258,97050,34,59,68,70,88,8076.271122,,201.0765495,378800,1074,2001,1000001,1531.00002281368,1332.00001984835,76,2144.00003194809,1693,126,100000.001490116,393.000005856156,2510.00003740191,2063.0000307411,80,100000.001490116,778.000011593103,3664,2412,347,5145,3037,267
Manhattan,West Village,36061006100,0,21577,51369,86597,108796,52,73,80,83,84,6030.172363,,153.8461654,391400,1356,2001,870700,3180.00000407221,3033.00000388396,97,4519.00000578689,4063,116,225000.000288128,434.000000555767,4955.00000634522,4231.00000541809,213,375000.000480213,834.000001067994,5101,4039,203,5224,3757,157
Manhattan,Clinton,36061013900,0,15000,35921,56507,74886,21,34,59,67,76,7448.905604,,137.36041,275400,1049,1651,746100,9608.00003579259,8877.0000330694,458,9904.00003689528,7263,666,47500.0001769513,307.000001143664,9943.00003704056,7458.00002778322,512,275000.001024455,637.00000237301,9795,6939,500,9257,6427,389
Bronx,Claremont-Bathgate,36005016700,0,6012,7741,14432,39079,,6,0,1,10,3690.841054,15000,73.89356509,78900,556,829,-999,6777.55052868913,4203.28130611941,2443.24564871192,1063.07509383904,23.0023688401561,597.050219409168,31250.705019394,163.999350956574,966.313892464421,10.0201593384714,375.170923486352,37574.7937866613,284.014545293156,1822,5,785,2047,15,1023
Bronx,Mount Hope,36005022902,0,6365,15899,21600,21985,,5,6,6,13,6119.266067,17499.99986,87.64706231,202800,549,806,-999,3161.10268281964,1881.82159144099,1222.06652832031,2392.28246018817,86.7157669067383,1036.11938476563,47500.001162563,186.000006475077,2604.00004850328,22.0000004097819,1120,87500.0016298145,361.000006724149,3112,21,1020,3273,25,889
Staten Island,New Brighton-Silver Lake,36085012100,0,25191,57129,76675,92250,17,24,39,40,44,13007.29847,28840.20623,115.1282058,231200,726,1118,523400,3501.00000163028,3475.00000161817,19,3157.00000147009,3052,21,64544.0000300556,241.000000112224,3050.00000142027,2847.00000132574,38,200800.000093505,589.000000274275,3187,2869,27,3065,2662,49
Brooklyn,Park Slope-Gowanus,36047016700,0,16357,40900,68125,108144,9,34,59,71,71,7438.596774,30416.66517,86.09319141,472900,916,1716,1000001,6674,6443,130,4993,3613,244,90667,227,4521,3487,206,426100,594,4534,3420,281,4638,3660,192
Bronx,Pelham Parkway,36005022404,0,10470,21831,30982,46988,,11,0,,22,8342.105325,,94.756094,41500.00099,659.9999806,942,110300,3611.62064467371,3598.90561714768,9.95089149475098,3391.59538574517,2862.53979492188,30.9583282470703,49999.9994224044,211.999998820115,3407.07454968989,1887.35234668851,129.361587524414,0,421.999983047906,3940.00015741587,1209.03332519531,555.038635253906,4509,1102,726
Queens,College Point,36081094700,0,17552,38274,50929,65775,4,9,19,11,24,9693.878205,25784.31566,111.9117639,244600,706,1286,577000,2117.00000881063,2112.00000878982,1,1919.00000798659,1779,1,53971.0002246191,237.000000986358,1883.00000783676,1529.00000636347,2,191700.000797826,604.000002513756,2139,1258,9,2577,948,37
Queens,Forest Hills,36081076902,0,17337,31961,50041,75625,,36,0,,62,10502.323,41741.01494,110.5640188,198573.38,828.0834586,1472,361700,1713.95307906345,1688.78345706128,7.19453763961792,1624.75710261241,1396.16052246094,29.2419743537903,93324.3209041117,247.517770011611,1807.97080990858,1421.98757217824,29.9252516031265,328974.468443121,503.45207793264,1790.000011608,1067.50454711914,44.9453773498535,1371,708,54
Brooklyn,Canarsie,36047098200,0,7336,13283,15300,18835,0,2,7,3,7,5137.096736,,80.89488996,0,268,416,-999,5457.99989833683,2600.9999515526,2809,5264.99990193173,212,3874,9999.99981373549,132.999997522682,4959.9999076128,198.999996293336,3628,192499.996414408,239.999995529652,4542,50,3320,4305,45,3184
Brooklyn,Bay Ridge,36047003000,0,17397,36250,54375,58864,9,14,23,39,48,10109.58923,25750,91.90909171,268800,738,1162,567800,2087.00001554936,2070.0000154227,3,1624.00001209974,1472,3,57683.0004297718,210.000001564622,1587.00001182407,1277.00000951439,14,246800.001838803,442.000003293157,1873,1324,45,1730,1089,53
Queens,Bayside-Bayside Hills,36081140300,0,26422,48170,58220,58162,15,24,28,24,31,14353.21045,30613.20621,155.2631474,247600,1107,1929,539500,2606.00001941621,2594.00001932681,3,2252.00001677871,2013,7,65308.0004865825,296.000002205372,2125.00001583248,1556.0000115931,13,225300.001678616,778.000005796552,2395,1273,9,2302,817,34
Queens,Springfield Gardens South-Brookville,36081032000,0,17601,44118,46696,79821,,7,13,15,20,10617.9979,22023.40166,126.734632,176600,766,1541,403700,3126.47751259944,1181.66364204044,1890.92361831665,2858.18537559814,256.101922988892,2384.0373916626,42242.4709330312,254.129878895981,3285.99999019739,126.999999621141,2819,140699.999580272,648.99999806394,4585,104,3728,4645,108,3818
Queens,Ridgewood,36081061302,0,0,,,-999,,,,,,,,,,,-999,-999,0,0,0,0,0,0,,,0,0,0,,,0,0,0,19,15,0
Queens,Glendale,36081062300,0,15875,32304,45845,52992,,6,0,19,22,9450.000117,24948.97921,94.27083542,210100,724,1102,574200,2113.24730163813,2104.90919303894,0,1510.12411296368,1499.93310546875,0,49999.9975505045,198.000006699538,1389.68476653099,1358.18524515629,0,189499.997282105,469.999987444176,1669,1521,6,1789,1272,22
Queens,Glendale,36081062500,0,17000,32093,47600,60750,1,5,9,15,17,9656.716565,23526.78587,91.36364063,211400,701,1082,584400,2570.00003365858,2565.0000335931,2,2228.0000291795,2192,0,48511.0006353352,200.000002619345,2346.00003072491,2277.00002982124,2,185400.002428133,504.000006600749,2242,1903,17,2388,1654,14
Queens,Forest Hills,36081074500,0,14530,25325,28830,40083,,25,0,,34,10672.88669,30422.74299,176.3502046,117861.0078,628.5382653,837,571200,3861.06712328913,3727.43611064438,34.6100260457024,3916.37865001061,2592.550735116,289.678448423743,60864.65257453,277.00076161093,3658.83554439691,2244.87159694887,264.934908047318,226194.887728557,481.033967164641,3911.00003707781,2250.1274433136,318.563317298889,3571,2081,288
Queens,East Elmhurst,36081037300,0,13268,27437,40193,56625,,13,0,,10,6034.420227,21746.04127,114.3148107,237664.9055,699.8919446,1423,549600,1691.62270884179,64.4753831479403,1602.07986357063,1326.1002215254,23.5188357830048,1225.11863229424,47308.9923998085,203.229776226397,1432.88545943133,25.1308677029173,1032.21262191236,164244.387369377,530.410023698147,2225.99999946356,71.7794933319092,1012.75842666626,2532,74,538
Queens,Ft. Totten-Bay Terrace-Clearview,36081101700,0,22698,41424,47647,60625,,15,0,,36,13306.45096,31485.98071,159.5663314,221799.9964,762.9999809,939,372000,7608.47677057976,7533.79715872853,12.7741441726685,6394.9330779973,6079.509765625,24.5656623840332,67143.0014132606,262.999996649299,6050.03118642123,5371.03629445808,23.5830345153809,247599.99675388,449.000009433279,5769.00016826391,4580.02197265625,27.513542175293,5689,4004,58
Queens,Murray Hill,36081114100,0,28191,50674,70455,95964,22,26,34,34,45,14642.30749,33093.64456,132.1428524,320700,969,1917,658400,2776.99998771516,2723.99998794962,1,2599.99998849817,2426,1,72480.9996793598,305.999998646323,2452.99998914846,2117.99999063043,5,274099.998787441,707.999996867962,2463,1810,7,2406,1506,11
Queens,Briarwood-Jamaica Hills,36081022002,0,19670,40277,42399,63943,,34,0,,39,12192.00047,28583.3351,166.9868061,108599.9982,711.000021,1112,216000,4852.47146335576,4713.31824646314,16.8971767425537,4783.88880645868,3978.7880859375,110.328620910645,56635.9997754834,297.999994119357,4874.33839743889,3166.72963585651,256.439514160156,199299.998365214,547.000004451281,5095.9999653697,2110.75732421875,599.64697265625,5569,2173,647
Queens,Briarwood-Jamaica Hills,36081045000,0,22333,42401,49934,44257,9,17,23,24,33,10579.43976,25265.95702,119.6551728,214300,783,1153,596600,1470,1421,15,1508,1150,15,48956,256,1636,968,65,196000,613,1909,596,181,1943,454,128
Queens,Kew Gardens Hills,36081077905,0,22651,47407,56005,61400,,50,0,,59,15706.4817,30107.98143,216.6645689,96498.21864,749.7232319,945,245800,2159.98492997814,1403.44644313754,164.25746187754,2635.42101146582,1477.64584088326,369.432617388666,73316.556724372,355.632517849899,2536.37453376567,1492.25700236235,414.688047721982,177584.16983224,592.144496652818,2176.99999985477,914.123590350151,405.353879064322,2455,945,409
Queens,Pomonok-Flushing Heights-Hillcrest,36081126700,0,27088,54203,57738,95353,,37,0,,43,9188.065242,26852.01955,125.3981566,229908.4739,1019.714983,1486,580700,2243.07382875285,2116.03165377444,80.0032441199292,1929.91729642521,1374.33333325386,36.0973235964775,57693.4819773554,249.090515871337,2110.1208669194,1076.73886029609,124.21411190927,203007.957480642,629.977782631536,3006.99999987264,1085.51824808121,324.755879938602,4057,1371,706
Queens,Queensboro Hill,36081121500,0,19014,38836,40285,67000,9,16,24,29,38,11009.34571,26713.2883,129.5454501,224700,834,1252,538500,3546.99997057908,3492.99997102699,2,3093.99997433653,2671,2,60202.9995006407,262.999997818522,3331.99997236242,1936.99998393338,48,211399.998246523,645.999994641694,3907,1317,64,4101,753,84
Queens,Pomonok-Flushing Heights-Hillcrest,36081122300,0,23606,42188,51935,80673,12,27,32,36,40,11859.81395,33174.27331,134.651164,275400,922,1394,674400,2921.00002448354,2856.00002393872,0,2697.00002260599,2310,4,66345.0005560974,288.000002413988,2787.00002336036,1991.00001668837,27,244800.00205189,711.000005959533,3330,1573,26,3533,1307,47
Queens,Fresh Meadows-Utopia,36081134100,0,27284,53690,70636,76125,20,33,38,45,34,16763.80231,32420.28941,154.0441191,292500,1027,1370,637100,3054.00000284426,3016.00000280887,6,2659.00000247639,2356,3,67627.0000629826,326.000000303611,2807.00000261422,1911.00000177976,23,254200.000236742,740.000000689179,3280,1409,25,3259,1103,57
Queens,Auburndale,36081141700,0,22923,43262,60032,76500,13,18,24,31,37,13270.94486,31089.3345,171.1637243,268959.2996,766.8974359,1313,604300,4294.00001234456,4258.00001223868,1,3888.0000111821,3475,9,65835.9221054393,294.000000856005,4229.00001227378,3028.00000875676,25,237638.889570678,609.84669177355,4614,2363,37,4475,1689,49
Queens,Elmhurst,36081047100,0,15900,30074,28393,32042,12,17,23,28,23,9866.666863,23525.64017,130.6930683,231400,740,1126,611100,2386.0000134717,2282.0000128845,9,2680.00001513166,1066,44,58438.0003299493,253.000001428474,3501.00001976715,680.000003839377,67,215500.001216744,520.000002935994,4001,355,61,4425,225,36
Queens,Elmhurst-Maspeth,36081048500,0,20037,38384,37651,44105,11,19,25,23,27,9795.917763,24531.24913,139.8113203,260100,837,1253,417800,2435.99999319389,2350.99999343138,19,2517.99999296479,1403,44,52577.9998530988,265.999999256805,3730.99998957571,962.999997309409,93,210099.999412987,591.999998345971,4318,560,72,4598,389,60
Brooklyn,Brighton Beach,36047036002,4500,6673,8819,12351,14047,4,9,12,29,35,4500,,84.73551732,77000,532,673,312500,4145.99998455495,4106.99998470023,17,3814.99998578802,3598,12,7999.99997019768,180.999999325722,4042.99998493865,3666.99998633936,31,224999.99916181,365.999998636544,4230,3879,19,3930,3601,28
Brooklyn,East Flatbush-Farragut,36047085800,0,15763,34659,32972,46406,4,10,6,15,18,9537.03675,21774.19329,96.86046186,194200,584,875,455500,1973.99997793883,1782.99998007342,173,2291.9999743849,201,1728,43493.9995139167,230.999997418374,2373.99997346848,86.9999990276992,2165,167699.998125806,491.999994501472,2443,36,2291,2434,23,2281
Brooklyn,Cypress Hills-City Line,36047119000,0,9750,21875,25093,29934,3,3,0,4,20,6416.666472,16687.5,82.39130537,162100,718,993,406500,1448.99999595154,1435.99999598786,6,1674.9999953201,495,113,33151.9999073744,195.999999452382,1818.99999491777,135.99999962002,519,143299.999599624,530.999998516403,1986,83,554,2127,40,609
Brooklyn,East New York,36047119600,6255,10019,19677,29188,30771,2,3,6,6,16,6255,16006.09797,84.44827063,171100,621,964,437600,5461.99998728279,3691.99999140389,1617,4703.99998904765,445,1960,26764.9999376829,196.999999541324,4224.99999016291,158.999999629799,1875,112499.999738066,428.999999001157,4972,71,2351,5403,80,2425
Brooklyn,Greenpoint,36047056100,0,11957,25973,39022,59531,3,7,21,27,53,8041.942478,16718.7509,69.73351589,275020.7207,638.1098993,1140,689400,4207.00002600483,4125.00002532231,18,3563.00002160281,2742,20,33232.143062005,159.285715215012,3507.00002018944,2699.0000150989,44,205427.929101795,371.125953048713,3728,2876,45,3295,2644,28
Bronx,East Tremont,36005036501,0,5983,16096,18125,26988,2,4,7,8,13,4284.482821,,79.58064163,273700,518,770,340900,4783.99998217821,2277.99999151379,2385,2675.99999003112,46,1555,24999.9999068677,177.999999336898,3054.99998861924,22.9999999143183,1457,156299.999417737,348.999998699874,3421,22,1669,3965,50,1776
Bronx,Pelham Parkway,36005022401,0,10857,29167,30278,37287,9,13,27,14,18,8080.357143,,96.09626067,53200,659,895,139300,2531.99996227026,2509.99996259809,13,2233.99996671081,1985,9,,210.999996855855,2237.9999666512,1442.99997849762,59,112499.998323619,413.999993830919,2607,742,318,2708,482,417
Bronx,Bronxdale,36005033201,0,14114,26483,32997,43895,,13,0,,32,9811.046777,29615.38344,125.421682,65699.99679,629.999988,956,178900,3441.39352977276,3371.2516079843,51.4966011047363,3073.81434470415,2350.64233398438,178.906295776367,52999.9985420244,233.999989116025,3222.97691255808,1493.84535960853,405.757690429688,155399.995949466,420.000004910441,3590.99991330504,973.996032714844,779.108032226563,4115,978,692
Queens,Richmond Hill,36081015200,0,15825,36994,45240,51143,3,8,7,6,11,9310.810476,20946.60177,106.603776,181600,676,1336,448900,1891.99998942763,1665.9999906905,195,1917.99998928234,450,510,37499.9997904524,206.999998843297,2209.99998765066,198.999998888001,1025,160799.99910146,541.999996971339,2662,101,805,2721,83,733
Queens,Jamaica,36081020600,6800,11686,27051,36446,52500,0,2,7,10,15,6800,20773.80751,104.5999945,193300,766,1008,566700,1543.00001041847,852.00000575278,687,1490.00001006061,286,797,35938.0002426566,215.000001451699,1524.00001029018,211.000001424691,792,137500.000928412,504.000003403053,1758,185,699,1712,150,547
Queens,Jamaica Estates-Holliswood,36081047200,0,25024,43083,57765,62441,25,34,36,44,36,13539.13077,46886.79223,170.5525689,352900,793,1104,744100,3032.99995621713,2936.99995760294,35,3364.99995142454,2650,142,90100.998699347,287.999995842576,3647.9999473393,1910.99997241376,319,320199.995377753,563.999991858378,4078,1073,1084,3760,741,1110
Brooklyn,Flatlands,36047072600,0,21981,46527,65143,63661,,16,0,,32,11339.0868,24859.78805,117.0118896,191114.3317,802.8539274,931,413500,2890.08544356632,2880.07638085936,2,1814.89966779668,1521.15221261978,178.08135843277,44578.1902941752,220.81325456599,2200.46299973386,336.046751817921,1666.87703132629,183415.766537638,550.229381277229,2546.57775150612,147.566426217556,2187.34973907471,2093,50,1854
Brooklyn,East Flatbush-Farragut,36047093200,0,25514,36310,52540,56528,,8,0,,25,9961.777787,25087.29698,107.1497582,190870.311,672.8937822,873,445100,1303.38711441658,1297.22582404362,1,1315.51614762354,389.032257080078,814.612899780273,49465.8163786528,222.488493758842,1424.09679319919,113.096775970887,1187.2903213501,190273.629340741,526.878675579795,1355.99999713898,45,1219.90322113037,1142,22,1054
Queens,Cambria Heights,36081059000,0,20741,50954,65192,73158,5,9,26,14,35,10214.28635,23140.49659,123,175600,645,843,439800,1165.99998696893,756.999991539866,368,1277.99998571724,114,1006,45085.9994961247,242.999997284263,1167.99998694658,30.999999653548,1078,162499.998183921,657.999992646277,1241,20,1137,1074,7,983
Bronx,Soundview-Bruckner,36005007200,0,13184,26406,31126,39638,7,6,7,15,16,9780.769835,21833.33423,88.29787476,202800,617,907,415000,4504.99997272855,4299.99997396953,78,4279.99997409061,1836,281,44166.9997326308,199.999998789281,4665.99997175392,781.999995266087,566,173799.998947885,424.999997427221,5073,373,783,5432,215,699
Bronx,Soundview-Castle Hill-Clason Point-Harding Park,36005004200,0,12817,24624,29358,35816,,5,0,,14,8657.184584,,93.3808755,118377.161,474.5430068,595,211000,8667.35070445994,6036.37385493296,2348.85084033012,8348.15335635538,651.781512618065,4275.98331904411,8024.08150730162,181.990873266404,7564.55450325029,200.3403329961,3710.74369764328,109682.824971381,364.871146678507,7539.00000012852,135.334033608437,3615.71848750114,7143,80,3055
Queens,Astoria,36081004700,0,10529,22149,23984,33324,4,10,15,16,24,8561.320184,29444.44549,97.6106178,258000,460,537,644700,5372.99995996803,4608.99996566027,699,4242.99996838719,2266,750,60713.9995476455,165.999998763204,4167.99996894598,1522.99998865277,957,217899.998376518,412.99999692291,4436,971,1300,3984,898,1169
Brooklyn,Brownsville,36047090800,0,6098,9455,12597,20313,,4,0,,9,4458.037043,,81.56366758,236373.1075,273.6664818,513,575000,5937.73834219115,2241.63449863793,3605.10995864868,3649.34763212694,13.3086950778961,2694.54930973053,24606.0660468159,140.407051962755,3937.00648626813,7.5466470636311,2943.85221481323,127040.761900007,235.994109815526,3375.99998629838,29.3749867975712,2513.97953891754,3990,66,2710
Brooklyn,East New York (Pennsylvania Ave),36047114400,0,5971,17500,16344,33071,,4,9,,15,4378.947024,12447.53148,77.93927875,228777.9532,523.2287819,658,475000,5329.89788390696,3127.64681595936,2133.56170654297,2657.11915913597,91.1659574508667,1225.15744018555,18883.5696078759,180.521318459278,2813.80426997878,60.5829790811986,1471.64680480957,158627.011811632,394.148787603067,2212.99999606609,41.6425533294678,1202.8978729248,2403,42,1380
Bronx,East Tremont,36005037100,0,8351,11985,16570,20078,0,2,9,8,13,4299.17999,16875,79.15058171,172300,456,680,353800,8361.00001557358,4288.00000798702,3621,3542.00000659749,96,1453,23929.0000445712,177.000000329688,4122.00000767782,38.0000000707805,1654,102300.000190549,302.000000562519,4305,54,1750,4241,59,1458
Staten Island,New Dorp-Midland Beach,36085011402,0,20861,43393,57469,56700,6,11,16,18,20,11217.3912,24753.78675,147.096767,219300,719,1122,440800,3431.99997442961,3364.9999749288,39,3258.99997571856,3026,37,58914.999561049,253.999998107553,3027.99997743964,2680.99998002499,42,176099.998687953,551.99999588728,3254,2705,43,3450,2630,69
Manhattan,Central Harlem North-Polo Grounds,36061023000,4125,6559,8693,16958,21927,2,6,11,14,22,4125,30000,73.99159937,418000,383,576,1000001,10736.0000199974,350.000000651926,10339,7804.00001453608,31,7371,60714.0001130886,148.000000275671,7450.00001387671,60.0000001117587,6735,341700.000636466,261.00000048615,7965,79,6526,8106,455,5925
Brooklyn,East New York,36047111800,0,6778,21250,26861,28109,2,4,7,11,18,6101.449324,19687.5,96.98197451,164400,653,943,486300,3449.00001616104,1261.00000590869,2105,2766.00001296069,39,1681,29167.0001366683,202.000000946515,2445.00001145658,52.0000002436573,1523,104200.000488252,443.000002075773,2623,24,1841,3053,37,2202
Queens,College Point,36081091900,0,19509,40617,49926,68592,3,7,9,20,23,10355.07251,21554.05481,114.25,227600,763,1300,501500,3907.99994153879,3829.99994270562,22,4148.99993793358,3783,50,46104.9993102983,235.999996469589,4613.99993097747,3414.99994891376,134,187099.997201102,612.999990829907,5454,2675,202,5766,1582,236
Queens,College Point,36081092500,0,13162,33646,42802,49068,2,5,15,22,30,8241.9353,19843.75117,79.92857143,224700,747,1072,605400,2969.0000241946,2945.00002399902,3,2695.00002196175,2436,3,47222.0003848155,208.000001695007,2748.00002239365,2034.00001657521,30,191300.001558918,558.000004547182,3344,1610,26,3681,1019,105
Manhattan,Battery Park City-Lower Manhattan,36061001502,5500,20820,49000,74531,123056,,67,69,79,80,5500,,76.66666412,442900,1918,2001,1000001,17.000000244414,12.0000001725275,0,564.000008108793,487,28,27500.0003953755,503.000007231778,1146.00001647638,827.000011890021,79,225000.003234891,1001.00001439167,3937,2720,179,7476,4965,302
Brooklyn,Flatbush,36047076600,0,12621,32130,38796,56137,24,19,24,19,26,9538.462148,39038.46154,137.4324307,275000,674,901,604200,1760.99997375906,1651.99997538328,92,1908.99997155368,467,1178,61086.9990897328,268.999995991588,2011.99997001886,193.999997109175,1552,243199.996376038,497.999992579222,2297,159,1801,2061,143,1625
Manhattan,Upper East Side-Carnegie Hill,36061012000,0,39837,97144,115430,161797,39,54,61,75,75,22047.10086,65000,323.9387768,767300,1585,1911,1000001,4412.99996712059,4339.99996766448,46,4186.99996880442,4001,21,211537.998423919,511.999996185303,4199.99996870756,3869.99997116625,96,500000.996274702,1000.99999254197,3965,3580,75,3971,3499,81
Manhattan,Upper East Side-Carnegie Hill,36061012800,0,37801,95588,109336,144453,46,60,65,78,87,19943.26198,65000,295.8737692,657300,1296,1698,1000001,7892.00001378125,7758.00001354725,72,7422.00001296052,7021,60,208929.000364838,504.0000008801,7056.0000123214,6648.00001160894,56,500001.000873117,932.000001627486,6639,6108,54,6270,5676,44
Queens,Ridgewood,36081055900,6500,8954,21919,32292,20282,3,0,1,8,29,6500,,75.28571639,147600,652,898,343800,934.000019136816,906.000018563122,22,1143.00002341904,289,150,60714.001243975,193.000003954396,1084.00002221018,171.000003503636,82,137500.002817251,457.000009363517,1134,98,113,1217,174,92
Brooklyn,Bushwick South,36047040300,0,7983,23929,26341,38278,4,5,7,4,12,5958.014967,16562.5,91.93103951,181800,611,903,459400,4819.99998344691,1536.99999472155,3198,3181.99998907221,94,2341,26070.9999104656,192.999999337189,3417.99998826173,21.9999999244465,2540,124999.999570719,413.99999857822,2981,32,2048,3538,129,2222
Brooklyn,North Side-South Side,36047052700,0,6583,12865,22680,36549,1,6,2,7,29,4209.059216,,68.35022242,270800,447,743,396100,10094.9999435898,8463.99995270371,1138,5625.99996856228,173,110,27499.9998463318,154.99999913387,7040.99996065535,114.999999357387,226,0,313.999998245388,7277,333,171,6629,1401,194
Brooklyn,Williamsburg,36047052900,0,8522,17064,17216,25671,5,6,3,7,15,5184.782565,15937.5,75.33707819,341200,470,796,845100,3704.000072442,3274.00006403215,284,3594.00007029064,2376,50,46667.0009127026,171.000003344379,4155.00008126255,3006.00005879067,78,300000.005867332,391.00000764709,4295,3288,17,3979,3591,13
Brooklyn,North Side-South Side,36047051300,0,7600,19523,30000,57995,1,4,4,16,36,4407.89467,11875,64.8537192,221900,606,1188,552300,5766.00005470694,5313.00005040894,248,4079.00003870094,1006,28,33125.000314285,154.000001461129,4375.00004150934,838.000007950817,172,130000.00123342,327.000003102527,4362,1060,154,4332,1983,150
Queens,Breezy Point-Belle Harbor-Rockaway Park-Broad Channel,36081094201,0,12624,26133,26580,51194,,9,13,16,28,6152.604647,12982.83558,88.11619108,222500,635,1067,604100,1915.03032161256,1849.89680200698,28.8695491552353,2023.76797816569,1234.73231506348,491.7623898983,24867.2556261545,221.476959165773,1796.00000418164,847.000001972076,613,86100.0002004672,463.000001078006,1967,665,707,3380,771,1325
Queens,Briarwood-Jamaica Hills,36081045600,0,22907,45852,51528,52176,19,33,34,42,47,10458.33265,28269.22944,110,269400,852,1539,616200,857.000001396751,834.000001359265,1,893.000001455424,552,33,60924.0000992948,265.000000431901,938.000001528766,342.000000557397,84,228500.000372413,690.000001124572,1285,171,134,1338,156,83
Bronx,Highbridge,36005021100,0,6145,7809,19109,25875,4,3,4,8,10,5997.354394,16562.5,84.12161837,77500,505,766,-999,6765.99989917874,4805.99992838502,1873,3086.99995400012,145,1399,24999.999627471,164.999997541308,3515.99994760752,38.9999994188547,1374,67499.9989941716,296.999995574355,4532,44,1707,5565,69,2017
Queens,Middle Village,36081050500,0,19109,37117,51835,82386,,17,0,,29,11894.62679,24272.90596,151.5233944,268167.0889,874.1710985,1328,626200,1143.71934849233,1118.66951929816,.0158795657043811,1342.99143958921,1043.37055885792,.0106685052160174,58452.9061370284,272.957201915598,1354.83083149672,815.458008458431,8.02708008443005,213008.432709833,653.973377508217,1660.51876760717,772.941161632538,19.0775608569384,1657,705,20
Queens,Middle Village,36081050700,0,22576,35800,53220,75455,,11,0,,26,10495.73853,26806.38435,136.9301432,241499.9906,925.9999933,1320,581500,2825.84063578145,2807.59947549021,5.81306225061417,2925.44628005346,2698.15432739258,3.90543972700834,60184.0522689596,263.049428474675,2866.6522195169,2364.09829837079,9.91325747966766,213948.421781367,647.227934566968,3118.48124504089,2174.89233398438,28.3928489685059,3442,2094,51
Bronx,University Heights-Morris Heights,36005021301,0,4270,8254,15603,21500,,5,0,5,3,7070.791093,18750.00011,78.66240646,167200,398,669,625000,1616.95350067831,707.632305146599,895.297578275204,873.390874940511,11.0082060778514,329.195650160313,30000.0002236013,180.00097472253,1053.36928134039,20.0067665639285,217.127986013889,55001.7358710628,286.021868284717,1464,7,342,1201,19,219
Bronx,University Heights-Morris Heights,36005021700,0,6143,9491,15066,17722,,3,0,,6,6143.909933,,86.68376345,121100.005,497.0000172,759,267300,6196.97070719761,3366.3766881041,2721.18619930744,4178.08455356458,142.711343079805,2592.52589988709,27500.0006929567,182.002611266241,4339.95139558836,87.4880705273863,2317.54574632645,90000.0022692292,346.11779331113,4797.00002008677,56.9827766418457,2215.68017578125,5334,151,2323
Bronx,Pelham Parkway,36005022800,0,10694,24686,32871,43977,,13,0,,21,8512.058734,28061.04364,105.7145741,259674.5156,648.9871751,940,462700,5072.7870457659,5047.66358519846,1.0318608507514,5046.45449836861,4418.99292874336,124.063721701503,58829.971969596,221.974455909249,5115.95829744323,3422.37957550882,250.390295445919,186453.600579724,432.997406716842,5782.48404893558,1951.30629491806,689.623277902603,6218,1421,925
Bronx,Van Nest-Morris Park-Westchester Square,36005023000,0,11250,27672,26042,39402,,7,0,,15,7010.416367,22999.99877,81.1261221,204000.003,631.000024,833,471400,2399.2129318025,2337.336391964,15.9681396484375,2232.54547772137,1500.00708007813,31.936279296875,46315.999027523,180.999996199621,2485.04168061074,1192.62040495174,195.609710693359,163400.003178317,429.000013547774,2748.51587283611,654.693664550781,312.376708984375,2950,516,387
Bronx,Van Cortlandt Village,36005027700,0,11002,22983,25988,30823,,8,12,13,18,8410.156317,20714.28494,83.30450071,159700,570,735,356300,4124.7591076995,3944.20058644806,115.557456970215,4463.0000540344,2719,399,38125.0004615868,178.00000215508,4618.00005591102,1441.00001744647,627,137500.001664739,387.000004685484,5339,629,892,5065,478,607
Bronx,Van Cortlandt Village,36005027300,0,10598,21114,27819,40633,,9,9,14,15,7990.921404,21830.28001,89.6609714,192300,548,815,198200,6288.24103731891,6029.79955186193,203.442554473877,7122.99984742235,2186,1935,47916.9989735978,204.999995608814,7558.99983808305,1141.99997553788,2024,148099.996827636,408.999991239049,7943,630,1571,7942,555,1294
Bronx,Williamsbridge-Olinville,36005042000,0,10692,23389,26175,51193,6,4,13,13,23,7580.459632,21666.666,78.96396366,209500,612,910,374200,3257.00002123322,3020.00001968816,201,2851.0000185864,1495,604,45000.0002933666,180.000001173466,3019.00001968164,707.000004609115,1079,157500.001026783,403.000002627261,3788,332,1893,3850,208,1971
Bronx,Williamsbridge-Olinville,36005040800,0,11819,24365,29826,32175,8,7,16,13,14,8814.286307,21500,88.26732456,198400,639,905,431900,3615.00001346692,3184.00001186132,332,3274.0000121966,1108,1062,45500.0001695007,198.000000737607,3586.00001335889,386.000001437962,1710,181900.00067763,443.000001650304,4014,148,2383,4263,104,2328
Bronx,Highbridge,36005021302,0,6242,6647,24899,26302,,3,0,7,8,5969.798616,18750.00125,87.46753127,165800,538,769,474600,6622.04639791238,4391.36762488769,2066.70239257813,2714.60908505694,56.9917945861816,1358.80432128906,30000.0000815469,182.000006276513,2564.6306825676,46.9932327799912,888.872009277344,60000.0026810472,350.999998206586,3981,27,1631,5415,45,2106
Manhattan,park-cemetery-etc-Manhattan,36061031900,0,0,,81251,-999,,,0,,,,,,,2001.000028,-999,-999,0,0,0,12.1355425082147,6.42469882965088,4.99698829650879,,,79.2379540242255,20.701807808131,22.1295185089111,,0,237.000007867813,143.484939575195,21.4156627655029,11,4,5
Brooklyn,Bedford,36047025500,0,7835,10993,11822,16670,1,2,1,3,4,5709.596195,,86.439629,0,214,346,-999,7492.9997766912,1670.99995020032,5709,6103.99981808662,17,4927,,145.999995648861,5968.99982210994,21.9999993443489,4439,0,193.999994218349,5077,33,3002,5102,53,2227
Brooklyn,Bedford,36047025700,0,8056,10441,32275,26625,1,0,0,8,17,4793.41293,,66.54440519,195600,649,854,550800,4362.9999771436,2872.99998494925,1396,1236.99999351974,21,127,23749.9998755811,166.999999125139,1237.9999935145,22.9999998795101,120,124999.999345164,349.999998166459,2026,32,700,2131,220,704
Brooklyn,Fort Greene,36047002901,0,5469,10267,11641,9001,0,1,2,3,10,4335.442831,,65.21164001,202500,232,293,-999,3566.99999003392,880.999997538514,2661,3596.9999899501,39,2896,124999.999650754,125.99999964796,4613.99998710863,28.9999999189749,3528,0,195.999999452382,4300,82,2805,3218,65,1862
Queens,Bellerose,36081157101,0,21549,49063,60160,72303,,18,0,,37,12535.91271,28189.79209,146.5401162,231729.3557,775.705676,972,481600,8281.15122981766,8236.16452551873,9.98843669891357,6596.24016481125,5849.4672164917,105.877426147461,58183.8568078775,261.97580869259,6474.79376757424,4948.17532116519,130.887265332043,199397.807822265,514.713763331665,7258.00000121444,3654.50952148438,256.162179946899,7216,2341,348
Bronx,West Farms-Bronx River,36005007600,0,10396,23966,33121,40919,4,5,7,12,11,7662.723744,24096.27329,86.42688267,220197.9522,610.4966343,958,453100,4288.00002810266,3759.00002486119,393,4381.00002880255,557,672,53635.3630973479,194.808040648667,4265.00002788194,210.000001479872,790,176630.273270784,415.977569570506,4929,123,1096,5190,121,1090
Bronx,Van Cortlandt Village,36005026701,0,10899,26116,27379,25936,,14,0,,22,9416.058389,27272.72591,95.30769761,230500.0027,613.0000088,895,-999,2946.43482571468,2911.40150080994,19.4996814727783,2822.49617628753,1432.40026855469,306.706848144531,44999.9985113273,203.999993283824,3102.10176939517,551.940118782222,611.4306640625,171400.004639978,435.999982454361,3619.99986845255,259.114379882813,606.803588867188,4037,178,398
Queens,Glendale,36081063301,0,16853,34635,47500,71354,4,7,7,14,21,10576.27203,23902.43874,92.72727209,221300,648,1150,498500,1491.00002638344,1491.00002638344,0,1336.00002364069,1320,0,52230.0009242166,200.000003539026,1344.00002378225,1282.00002268516,0,189100.003346149,515.000009112991,1462,1303,6,1416,1058,11
Queens,Glendale,36081063302,0,20254,35778,46246,67933,,9,0,,15,10584.87432,24653.6902,101.7852483,200004.4885,677.2330064,1103,488500,1725.56588537619,1723.54062915407,0,1552.71376242116,1518.05710029602,4,53805.6935804418,216.165777590806,1413.20021923818,1345.39860872738,.00841874070465565,198476.588940672,530.36586808169,1437.99999960512,1271.22840309143,3.02525622211397,1476,1149,7
Bronx,Van Nest-Morris Park-Westchester Square,36005024400,0,14683,38940,45000,69545,2,5,14,18,26,9327.272425,25666.66667,95.97826003,221900,631,922,440100,2286.00002554804,2279.00002546981,2,1990.00002223998,1927,2,52055.00058176,195.000002179295,1859.00002077594,1731.00001934543,4,193500.002162531,434.000004850328,2083,1434,9,2120,1060,90
Queens,Flushing,36081085500,0,15000,28496,33343,41410,20,23,26,24,26,10024.75336,,164.0851414,78000,720,1069,221500,5500.00004097819,4985.00003714114,105,5689.00004238635,2344,417,100000.000745058,275.00000204891,6462.00004814565,1568.00001168251,429,187500.001396984,538.000004008412,7135,836,360,6649,507,198
Queens,Murray Hill,36081086300,0,14668,28415,36005,40841,19,23,24,23,19,9696.809117,34000,156.9839312,166300,748,1081,226700,5051.99996235967,4587.99996581674,67,5710.99995744973,2088,724,59999.9995529652,276.999997936189,6847.99994897842,1246.99999070913,709,124999.999068677,546.999995924532,7207,720,549,7277,434,280
Queens,Flushing,36081086500,9250,15055,22100,25395,26762,18,28,26,26,35,9250,24500,121.9796982,97400,781,1199,337500,2582,2496,8,3428,2155,107,46667,292,4298,1573,126,87500,645,4156,952,79,4514,673,72
Queens,Murray Hill,36081116300,0,17089,25936,32500,38159,17,21,21,24,23,10181.4342,32272.72561,145.1026696,129000,745,1139,511600,5599.99996870756,5188.9999710042,121,6524.99996353872,3650,494,61999.999653548,271.999998480082,8272.99995377101,2422.99998646043,470,204999.998854473,565.999996837229,9375,1520,407,9104,927,309
Queens,Murray Hill,36081104700,0,21592,37437,48395,75673,12,14,20,28,39,12575.00045,33366.14025,161.3636344,263500,934,1233,553600,7866.99998786513,7683.99998814741,4,6915.99998933205,6354,9,71353.9998899362,278.999999569642,6428.99999008325,5238.99999191883,9,249399.9996153,686.9999989403,7207,4449,32,7314,3269,30
Queens,Murray Hill,36081115900,0,17622,36716,39899,48400,18,24,29,28,30,11292.85756,30250,162,271300,772,1135,626300,3161.00007948559,3077.00007737335,6,3179.00007993821,2378,216,66458.0016711336,270.000006789342,3737.00009396952,1699.00004272256,244,257400.006472506,533.000013402663,4284,1123,170,3991,719,111
Bronx,East Tremont,36005036300,0,6298,9191,14632,20664,1,1,5,7,11,4659.090672,14583.33287,82.78626289,118500,325,832,284000,12497.9999930889,7032.99999611094,4990,4976.99999724785,96,1362,23749.9999868669,159.999999911524,5559.99999692547,23.9999999867287,1037,79199.9999562046,264.999999853462,6571,68,1309,7509,86,1711
Bronx,East Concourse-Concourse Village,36005022500,0,7532,17463,20393,35000,9,5,6,6,9,6493.589824,,94.42118599,191400,577,828,466700,7002.00004116457,5327.00003131729,1453,6601.00003880711,292,3452,92500.0005438051,197.000001158158,6866.00004036503,104.000000611413,2978,143800.000845396,396.000002328074,6926,78,2537,7698,84,2312
Bronx,Mount Hope,36005022703,0,11987,20349,29063,39141,,20,19,19,16,7285.714568,,88.33333529,112500,577,874,-999,765.982400894165,729.633698999882,23.0503959655762,1429.12457203865,105.499893188477,643.638000488281,,237.999995413675,1672,49,642,162500,436,1585,23,406,1556,32,287
Bronx,West Concourse,36005020900,0,8316,17344,19796,27440,,5,0,,12,6183.019686,,88.16317096,85000.00154,490.3590197,728,-999,4128.95905049571,3651.99979933116,356.225028991699,3960.29294430621,161.688539505005,1449.02954101563,112445.229404552,187.833235735556,4250.44723966695,60.5198618069958,1210.40048217773,0,364.99265308117,4588.99999886751,52.6827087402344,1263.39514160156,4361,68,1447
Bronx,Mount Hope,36005022702,0,6444,15901,19926,53173,,7,0,,11,7305.905268,,84.66445652,27553.15356,571.58674,745,-999,1600.89098844841,1403.30561141896,187.291684620082,1257.26115717301,51.6621756032109,313.696194708347,27499.9997848869,187.781154421861,1427.79938157047,27.6324722720221,343.71348823607,35577.6357702759,382.448724187949,1963.99999872968,23.0172243118286,594.31974029541,1699,33,462
Staten Island,Arden Heights,36085017009,0,26491,56278,75457,84706,,21,0,25,33,12833.33364,28767.12251,124.0909209,322700,719,1015,635800,564.120601634597,550.052181070529,10.8396024703979,3517.79703055295,3227.89526367188,38.5151824951172,68569.0021519144,263.999995440129,6053.69930431221,5377.17038295584,66.1714401245117,174399.998407994,540.999987870771,4482,4147,8,4299,3907,32
Queens,East Elmhurst,36081035700,0,18259,37959,41416,46279,,11,0,,18,9511.275995,21506.75502,130.4714765,190494.8185,759.8553757,1155,542500,3259.2426276386,485.11663533968,2724.06828913838,3117.65093614775,427.153787195683,2418.10143920779,43722.6572256325,230.107095481907,3233.30787973407,386.532195023698,2237.4571698606,161952.980772285,539.659915761481,4306.00000184774,381.898408889771,2346.05430698395,4947,634,1500
Manhattan,Upper East Side-Carnegie Hill,36061015001,0,33006,92214,127126,126591,47,65,75,81,85,20403.22551,,316.7053233,827100,1288,1828,1000001,2523,2476,33,2514,2377,21,158333,512,2202,2043,12,250000,963,2247,2085,19,2294,2085,21
Bronx,Westchester-Unionport,36005009800,0,17123,33209,38642,52725,4,9,11,15,27,9550.561151,24861.11146,122.7801754,198300,656,982,408500,4340.99996285612,3955.99996615038,321,4860.99995840673,1067,1160,49181.9995791729,229.999998031999,5202.99995548039,475.999995927094,1428,176999.998485495,425.99999635492,5538,279,1618,5038,170,1362
Bronx,Morrisania-Melrose,36005013300,0,6775,11583,16426,18514,2,3,4,7,6,5939.21601,22500,75.1170566,92400,313,416,219300,9574.99991528457,2619.99997681938,6567,6638.99994126102,46,4512,31999.9997168779,138.999998770189,6130.99994575558,26.9999997611158,3749,64999.9994249083,257.999997717328,6047,37,2840,6384,39,2588
Queens,South Ozone Park,36081009600,0,16957,36267,40406,55580,3,6,12,12,12,10202.02014,21561.13517,106.129033,187300,773,880,447000,2945.00001645647,2934.000016395,2,2347.00001311488,2172,0,39128.0002186447,219.000001223758,2305.00001288019,1439.00000804104,124,161200.000900775,558.000003118068,3378,581,503,3135,312,676
Queens,Astoria,36081004500,0,20678,33148,49668,61667,24,34,35,35,44,12990.1962,,104.347819,75600,511,518,227000,3216.0000359416,3103.00003467873,67,2467.00002757087,2248,72,8333.00009312853,234.000002615154,2179.00002435222,1907.00002131239,79,181300.002026185,415.000004637986,3165,1826,175,2975,1625,171
Queens,Astoria,36081005300,0,11867,28412,38240,50313,4,14,24,31,43,7984.375231,26842.10542,81.15254327,250300,756,1136,513300,4752.9999822937,4680.99998256192,9,4999.99998137355,3945,13,58467.9997821897,185.999999307096,5069.99998111278,3252.99998788163,55,216899.999191985,474.999998230487,5966,2650,51,5340,2628,133
Brooklyn,East New York (Pennsylvania Ave),36047113200,0,8710,23348,20288,47708,,1,3,9,6,4490.740716,15833.33242,84.01639386,143600,542,817,357500,4001.65307387556,1722.65157729885,2201.37133789063,1387.17812099012,17.5592174530029,908.458435058594,29999.9992317656,187.999991791083,1192.99999888893,2.99999999720603,720,124999.999883585,378.999999647029,1387,3,1047,1937,4,1571
Brooklyn,Flatbush,36047048000,0,12586,25651,23475,45144,4,15,15,20,26,8709.877181,20961.53876,85.91304095,261900,606,968,639800,2601.99997576699,2537.99997636303,12,2487.99997682869,2047,10,43461.9995952286,204.999998090789,2669.99997513369,1871.99998256564,55,187499.99825377,449.999995809048,3442,2222,80,3769,2540,119
Brooklyn,Flatbush,36047048200,0,10755,25870,22265,30164,12,16,18,27,25,8074.468424,22500,106.8137286,211200,590,885,317300,4475.00008960487,4403.00008816319,26,4533.00009076623,3446,330,43846.0008779475,209.000004184898,4628.00009266846,2868.00005742721,535,180900.003622239,419.000008389819,5310,2793,487,5331,2695,431
Brooklyn,Kensington-Ocean Parkway,36047048400,0,11285,26236,29861,38017,13,16,23,25,34,9231.249818,24615.38514,104.7752872,265900,685,956,670400,4430.00003300607,4356.00003245473,53,4352.00003242493,3286,238,47778.0003559738,223.000001661479,4562.00003398955,3168.00002360344,263,212500.001583248,458.000003412366,5244,3371,338,5481,3733,334
Staten Island,Charleston-Richmond Valley-Tottenville,36085024800,0,18845,42292,57209,88413,,8,0,15,25,9978.671882,20259.44454,89.66217324,243100,704,951,550100,3368.29856822495,3284.92295846096,81.2756595611572,3120.56411317551,2951.41260528564,63.2085309028625,53670.4284881728,211.073593559773,2895.46128645373,2719.30968700829,20.0839183405042,172005.153073191,507.000918412798,3868,3446,39,4741,3961,50
Brooklyn,Cypress Hills-City Line,36047117400,0,13338,23438,33250,51302,4,9,5,7,14,8187.5,17272.72624,88.71951175,188300,716,1157,478000,3185.00001038192,3151.00001027109,4,3207.00001045363,1017,135,35972.0001172554,213.000000694301,3902.00001271907,373.000001215842,783,153700.000501005,546.000001779757,4268,169,816,4329,118,818
Brooklyn,Cypress Hills-City Line,36047117601,0,8590,27094,28587,40260,4,4,11,8,4,7662.790715,19125,83.70130261,206500,627,994,381100,1834,1820,6,2049,771,129,35167,194,2438,279,350,153600,511,2664,160,384,2750,95,455
Bronx,Parkchester,36005021001,0,14536,29226,32813,47444,,13,0,,26,9575.110243,14685.94932,98.18127299,45300.00181,696.0000095,934,131700,7127.99828647077,6978.30344988238,139.793806478381,6419.93226892107,2855.29333686829,2391.00099682808,35004.0515166841,238.991558828002,5490.23567141901,989.456768005284,2541.90547966957,112557.317156184,436.975738758242,7050.99989247322,415.814483642578,3881.53002929688,8521,285,4418
Bronx,Van Nest-Morris Park-Westchester Square,36005023800,0,12006,29851,31370,48368,2,3,8,17,16,9679.635762,22034.54545,89.75701944,224777.3585,631.7862454,1102,458600,2261.99999693475,2236.99999731658,17,1945.99999798091,1810,1,44784.4562293782,206.766233596485,1884.99999927801,1487.99999950223,13,162499.999935318,502.152173695127,2335,876,137,2615,501,295
Bronx,Parkchester,36005022200,0,13253,26643,33117,33516,,9,0,17,18,6643.932391,25131.26056,85.04542099,194546.1929,681.3831461,925,373900,2523.08334618236,2485.68006882425,1.91129314899445,2468.24437098717,1695.7919921875,69.2903451919556,46460.2956942509,205.617268962684,2593.80083520386,903.230666232006,181.919486999512,162500.000546886,427.481814377722,3024,334,331,3425,203,528
Staten Island,Westerleigh,36085018901,0,23990,49734,57538,77169,,12,0,21,26,12415.10842,27919.80773,138.8626609,214300,681,1490,475200,5502.12449717285,5478.12070068829,11.003005533712,5434.11809058115,5215.10986016691,18.0026891618036,61808.8510850095,243.000078345376,5024.11840659514,4545.10242939259,38.0032428125851,186599.820978811,523.001476618821,5290,4421,53,5333,4009,105
Brooklyn,Bay Ridge,36047003600,0,15089,32911,42476,54365,11,19,28,39,33,9310.483132,28387.09711,105.75,211500,729,1004,298900,4121.99996928871,4103.99996942282,2,3682.99997255951,3296,10,63928.9995236918,230.999998278916,3488.99997400492,2956.99997796863,32,235499.998245388,457.999996587634,3940,2912,56,3804,2477,75
Brooklyn,Bay Ridge,36047006800,0,15379,29696,35292,41989,7,10,24,24,29,8086.956472,25128.20359,84.81131597,290400,679,942,635200,4678.00000871345,4544.00000846386,3,4193.00000781007,3406,3,58158.0001083277,189.00000035204,4207.00000783615,2908.00000541657,34,222300.000414066,443.000000825152,4781,2426,83,4870,2449,133
Queens,Bayside-Bayside Hills,36081144700,0,19115,36098,43586,56250,,14,0,,21,9276.59585,23282.31201,118.5416596,226900.003,924.0000347,1355,634500,2810.99145143642,1450.86646393756,1306.27844238281,2364.2641828151,1046.01989746094,1044.02551269531,46261.002505556,245.999993160855,2446.03122751811,778.781242842088,907.414733886719,184999.998299633,678.000005270529,2807.99992370605,608.267028808594,777.784057617188,2927,458,548
Queens,Astoria,36081005700,0,12464,25758,35290,47024,3,11,16,25,35,6665.441706,18750,70.86956855,253100,708,1077,758000,4218.00000785664,4102.00000764057,23,4126.00000768527,2492,2,40000.0000745058,176.000000327826,3924.00000730902,1940.00000361353,89,181300.000337698,435.000000810251,4904,1665,72,4321,1686,91
Queens,Astoria,36081005900,0,12789,27181,41520,53613,5,8,17,26,47,7267.676976,24500,82.23629186,324700,734,1115,658100,4483.00005010143,4434.00004955381,15,4314.00004821271,3203,11,54000.000603497,188.000002101064,4289.00004793331,2601.00002906844,45,225000.002514571,472.000005275011,4779,2191,67,4169,2323,101
Queens,Queens Village,36081054800,0,21532,44464,62216,88500,5,15,25,22,28,12205.64579,22500,120,187400,755,1179,456900,2066.99998459965,2041.99998478591,13,1872.99998604506,1196,198,43064.9996791407,249.999998137355,2010.99998501688,551.99999588728,652,161099.998799711,671.99999499321,2392,210,767,2319,114,616
Queens,Elmhurst,36081047300,0,19674,33883,40604,55532,25,25,27,32,26,10745.90171,26000,173.4777473,152700,824,1160,294800,2963.99996411428,2691.99996740744,29,3109.99996234663,1266,47,50832.999384555,305.999996295199,3661.99995566346,980.999988122843,55,206299.997502286,609.999992614612,3830,616,33,3997,485,55
Bronx,Pelham Bay-Country Club-City Island,36005030000,0,15761,30768,45289,51577,4,9,13,18,32,9621.30144,26648.35046,103.4636887,216000,673,972,449800,6253.0000291178,6209.00002891291,8,5858.00002727844,5476,27,52842.0002460647,227.000001057051,5516.00002568588,4969.00002313871,52,186300.000867527,442.000002058223,5862,3977,99,5838,2644,251
Manhattan,Hamilton Heights,36061023501,0,8375,20936,24069,34679,,5,0,,21,4772.275913,20833.33288,80.26094257,303211.3084,478.6024535,810,242300,5699.99614077806,282.623754516244,5357.29656982422,4847.86550409191,30.902544381097,4518.78868515184,42880.5306064816,163.893214752084,5823.45497929465,59.19206379354,4627.59284973145,203784.569859195,321.26868689552,6254.99408117613,135.944432192482,3926.76405321248,6004,530,2782
Queens,Astoria,36081015500,0,11909,29155,39864,56694,5,9,19,21,38,7835.820917,21538.46119,77.65151329,255400,748,1258,777800,2270.00001691282,2261.00001684576,0,2136.00001591444,1588,4,47000.0003501773,200.000001490116,2223.00001656264,1413.00001052767,13,190600.001420081,556.000004142523,2675,1159,25,2251,1192,46
Queens,Astoria,36081015700,0,10025,19112,30903,42538,2,5,14,16,30,6453.48801,,65.26923272,191700,710,1076,-999,1350.99999370892,1337.99999376945,3,1330.99999380205,664,0,22499.9998952262,167.999999217689,1465.99999317341,526.999997545965,15,274999.998719431,462.999997843988,1635,379,32,1543,460,47
Queens,Astoria,36081015900,0,12988,30769,33936,43664,4,8,19,21,35,7178.26093,22222.22177,81.67331328,319600,713,1171,632100,4831.00005399063,4766.0000532642,14,4438.00004959852,3541,13,48000.0005364418,183.000002045184,4249.00004748628,3015.00003369525,16,204200.002282113,450.000005029142,4754,2579,46,4136,2374,82
Bronx,Bedford Park-Fordham North,36005041100,0,15839,25673,35320,39623,8,17,13,13,17,9336.734122,28333.33511,95.3448245,72000,644,932,164800,2680.99996004999,2629.99996080995,15,2308.99996559322,1970,19,23332.9996523112,205.999996930361,2256.99996636808,1436.99997858703,116,120799.99819994,392.999994143844,2701,627,362,2931,389,530
Brooklyn,East New York,36047119800,0,9967,21784,20329,36698,3,2,6,12,7,6215.826111,16538.93443,77.03533337,156872.3214,590.1972477,946,572900,3454.00001550885,2867.00001194188,538,3022.000012198,610,653,32884.6154661406,184.355021904924,3455.00001535052,521.000004118774,930,124762.570267757,446.095601091874,3190,157,973,3426,135,1188
Bronx,West Concourse,36005019500,0,8544,19252,20402,34821,9,3,9,7,12,6944.827418,18750,94.48864226,33800,559,833,237500,6224.00006376207,5425.00005557667,672,6182.0000633318,404,2356,32500.0003329478,208.000002130866,6509.00006668177,176.000001803041,2174,137500.001408625,391.000004005618,7327,124,2074,7756,143,2425
Brooklyn,North Side-South Side,36047051900,0,11202,22667,34704,53278,2,7,8,39,61,5719.047859,15000,57.75338294,222400,685,1433,900400,3782.00004050601,3599.00003854604,92,2868.00003071688,1713,5,27500.0002945308,131.000001403037,2791.0000298922,1457.00001560478,24,112500.001204899,351.000003759284,3043,1826,59,3564,2467,60
Manhattan,Turtle Bay-East Midtown,36061010601,0,35672,72334,102149,126491,,50,63,68,76,18221.47576,64999.99833,285.8945029,606100,1463,1871,1000001,7890.23790497992,7785.16566405486,58.9190139770508,8035.57147186692,7480.7509765625,56.9550476074219,208333.000620472,506.000014655783,7869.00014107511,7344.00013166294,51,500001.008963998,917.000016439939,7968,7293,51,7351,6593,71
Brooklyn,Bedford,36047026100,0,6880,10330,15702,24253,1,3,3,5,18,5013.840761,12500,79.30644819,186500,485,856,587200,7431.00005536526,2630.00001959503,4596,4223.0000314638,32,2597,30833.0002297238,176.000001311302,4113.00003064424,26.0000001937151,2457,100000.000745058,317.000002361834,4445,60,2913,4917,354,3121
Staten Island,Arden Heights,36085017008,0,26491,53606,71632,90218,,21,0,23,25,12833.33393,28767.12337,124.0909129,226700,758,1142,471000,551.774530820509,538.014004908795,10.6023721694946,3440.80822510434,3157.25122070313,37.6722602844238,68569.0004755801,264.000005370864,3502.89585632914,3173.1766837723,11.0047473907471,193200.007083196,530.999998260759,8230,7416,22,7388,6403,45
Bronx,Co-op City,36005030200,7200,16235,31739,41031,51544,0,11,17,22,22,7200,21071.42969,84.99999833,14000,620,868,80300,144.000006839633,144.000006839633,0,10282.0004883688,5252.00048828125,3660.00024414063,13750.00065309,272.999994751338,9488.00045065582,2731.00012971554,4788,168800.00801757,504.999985673282,8864,1144,5464,8887,631,5651
Brooklyn,East New York,36047110600,0,12692,20000,20625,26425,3,3,4,5,5,10053.03061,27500,111.6791772,9999,414,500,-999,5509.00016418099,3517.00010481477,1942,5322.00015860796,85,4433,27500.0008195639,179.000005334616,5142.00015324354,34.000001013279,4165,0,416.000012397766,4277,28,3308,4311,35,3196
Manhattan,SoHo-TriBeCa-Civic Center-Little Italy,36061004500,0,14361,42500,65662,112500,4,58,49,67,76,4714.28559,,38.61110924,808600,586,747,1000001,262.999999632593,255.999999642372,5,747.999998955056,587,11,72499.9998987187,303.999999575317,920.999998713378,627.999999122694,9,500000.999301507,538.999999247026,1066,736,20,1136,800,14
Brooklyn,Park Slope-Gowanus,36047013500,0,10370,35850,51420,90833,3,17,43,54,76,6134.615248,20000,73.19004977,471200,921,1633,882100,4236.99996843189,3191.99997621775,725,3459.99997422099,1044,747,54999.9995902181,200.999998502433,3006.9999775961,1438.99998927861,469,354499.997358769,573.999995723367,2830,1608,334,3596,2427,280
Brooklyn,Ocean Hill,36047036700,0,7610,20104,20714,43542,1,0,1,6,16,5925.925714,15000,80.86538542,169800,533,779,417200,1651.00001359827,1107.00000911768,528,1378.00001134974,78,465,18333.0001509976,182.000001499022,1443.0000118851,44.0000003624009,570,112500.000926593,411.000003385154,1373,26,625,1305,18,754
Brooklyn,Bushwick South,36047040500,0,9545,15638,33125,65795,2,3,3,6,12,5377.358504,12250,90,154300,601,722,435500,3444.00002886727,1211.00001015048,2211,1293.0000108378,51,731,30000.0002514571,184.00000154227,1452.00001217052,12.0000001005828,873,116700.000978168,388.000003252178,1335,19,798,1480,76,755
Manhattan,Midtown-Midtown South,36061009500,0,14212,41859,60993,101500,6,52,59,70,84,1862.06899,,56.80328083,613300,996,1465,1000001,859.00001580012,709.000013041077,78,2359.00004339055,1801,155,90000.0016554259,361.000006640097,2678.00004925812,2089.00003842427,151,400000.007357448,626.000011514407,2694,1933,165,3040,2213,111
Manhattan,West Village,36061006300,0,21666,49295,77355,121250,48,62,68,77,85,9508.771855,62352.94083,183.7061546,498700,1128,1796,1000001,7186.00005353987,6888.0000513196,226,6866.00005115569,6330,158,208696.001554906,356.000002652407,6755.00005032867,6168.00004595518,116,500001.003725298,653.000004865229,6265,5530,130,6380,5488,134
Brooklyn,East Williamsburg,36047051100,0,9966,14813,26568,22969,4,5,6,11,17,5477.124016,13125,65.83333789,152400,440,715,518400,5254.00012722239,4436.00010741502,642,2954.0000715293,735,395,9091.00022013299,168.000004068017,3996.00009676069,468.000011332333,509,112500.002724119,316.000007651746,3730,380,438,3933,1006,303
Manhattan,Clinton,36061013300,0,9268,26816,50688,75931,11,24,38,55,64,5463.592304,,66.82410123,392300,839,1556,775900,5230.99996102601,4448.99996685237,434,4546.99996612221,2336,358,7499.99994412065,170.999998725951,5360.99996005744,3082.99997702986,468,249999.998137355,442.999996699393,5805,3356,370,6208,3478,283
Manhattan,Clinton,36061012700,0,9380,24086,46279,65507,6,18,36,50,67,5603.325314,,66.01791245,233300,856,1193,634000,8621.99993576109,7937.99994085729,349,7157.99994666874,3398,404,44999.9996647239,173.999998703599,7073.99994729459,3568.99997340888,417,187499.998603016,441.999996706843,7278,3666,448,6928,3850,429
Manhattan,Clinton,36061012100,0,10245,25427,38453,55611,10,32,47,56,57,5338.368553,,72.59690262,284400,715,1179,634200,5790,5379,138,8271,5022,830,225000,197,7973,5246,744,500001,498,8288,5198,862,8554,5382,691
Manhattan,Hudson Yards-Chelsea-Flatiron-Union Square,36061008100,0,15766,36532,61525,87731,25,44,64,71,77,6682.519042,61250,98.15634223,332200,897,1573,888800,6971.99992208183,6381.99992867559,408,7097.99992067367,4958,304,199999.997764826,266.999997016042,7569.99991539866,5715.99993611872,371,500000.994412053,524.999994132668,7359,5466,282,8047,5971,266
Manhattan,Hudson Yards-Chelsea-Flatiron-Union Square,36061005400,0,20067,51601,81696,110819,44,63,72,84,76,8822.288983,,236.8667991,328000,1139,1714,783200,2965.99998618849,2790.99998700339,62,3512.99998364132,3090,112,212499.99901047,407.999998100102,3928.99998170417,3404.99998414423,165,500000.997671689,742.999996540137,3955,3170,186,4536,3547,155
Brooklyn,Windsor Terrace,36047016900,7350,10382,32238,43925,72230,5,10,32,42,58,7350,20073.52955,75.02242165,281200,724,1103,856400,5845.00001224806,5732.00001201127,54,4992.00001046062,3264,232,45000.0000942964,175.000000366708,4323.00000905874,2671.00000559702,300,230700.000483426,439.000000919914,4800,2724,316,4497,2760,233
Brooklyn,Windsor Terrace,36047017100,0,17611,40861,63587,90906,8,18,39,55,64,10551.3513,21702.12673,90.30928068,313600,947,1379,853100,3840.00004291534,3778.00004222244,23,3551.00003968552,3304,14,45625.0005098991,211.000002358109,3469.0000387691,3012.00003366172,127,246000.002749264,520.000005811453,3449,2759,135,3749,2970,123
Bronx,Woodlawn-Wakefield,36005045102,0,19920,36651,39931,72188,12,14,20,22,28,10986.11163,23030.30189,145.7396453,186500,656,955,435400,2650.00000493601,2632.00000490248,15,2373.00000442006,2309,14,49038.0000913404,252.000000469387,2084.00000388175,2009.00000374205,17,180400.000336021,424.000000789762,1943,1726,75,1894,1562,96
Bronx,Woodlawn-Wakefield,36005041400,0,14427,31483,33585,48966,3,6,11,10,20,9045.454098,23298.61194,95.75757916,224800,664,971,414700,4318.00006836466,4173.00006606895,124,3997.00006328244,2654,502,47391.0007503172,210.000003324822,4191.00006635394,1497.00002370123,1536,174400.002761185,502.000007947907,5040,572,2916,5027,278,3079
Queens,Queens Village,36081056800,0,22099,43271,48400,62354,7,11,19,18,29,10546.5115,23139.0133,144.8529326,181300,727,997,427500,3969.99996787927,3803.99996922235,54,4028.99996740191,1499,1649,44528.9996397219,261.999997880193,4375.99996459438,612.9999950403,2786,163099.99868038,552.999995525752,5356,314,3835,4550,248,2905
Queens,Cambria Heights,36081059200,0,27562,56131,53672,85577,,15,0,24,21,13544.11681,24243.42397,106.0000002,185600,730,855,449100,1467.49208444271,1108.86059477972,322.66845703125,1197.76923706386,139.856292724609,991.980712890625,48172.9983900761,308.00000091662,1092.87701863875,54.9435429845808,940.034057617188,165300.008169791,725.000018636779,1263,21,1184,1280,24,1169
Queens,Cambria Heights,36081062200,0,23876,60006,56232,79583,,16,0,,37,12222.75373,26575.40722,131.7925824,193007.1549,742.3108976,1113,434500,1941.18759881688,1195.6379167054,718.51255017519,2078.38258891631,283.209848448634,1638.00191688538,51730.5935990339,253.158674469313,2100.26187922322,135.109565174062,1805.04462957382,173321.199335708,648.687648681974,2240.66674669692,76.0501407794654,2026.45318412781,1983,32,1820
Bronx,East Concourse-Concourse Village,36005018302,0,10517,20403,24802,32467,,8,0,,12,6596.685086,,118.7696388,44700.0022,586.9999984,880,148900,3439.08558128265,2539.46758228427,824.166137695313,3140.40347640428,233.052398681641,1722.44482421875,40000.001099003,231.000006197443,3214.0694663967,82.595200900596,1655.92211914063,106300.005310759,408.000001870903,3739.99998599291,66.0761642456055,1702.35400390625,3647,43,1426
Manhattan,Central Harlem North-Polo Grounds,36061022600,0,4764,14500,17766,33794,2,2,11,10,44,4235.177825,15000,66.38763528,186200,442,729,1000001,6141.99988559633,32.9999993853271,6092,3956.99992629513,27,3828,26943.9994981289,135.999997466803,3404.99993657693,14.9999997206032,3146,120799.997749925,256.999995213002,3601,73,3154,3778,299,2733
Brooklyn,Canarsie,36047102200,0,18539,37292,46046,51827,7,14,13,17,27,10644.44424,24736.84115,133.208958,197900,753,1023,400000,2032.00002270937,1995.00002229586,25,1672.00001868606,1580,1,47857.0005348437,230.00000257045,1569.00001753494,1196.00001336634,3,164800.001841784,513.000005733222,2106,469,1034,2075,162,1483
Manhattan,West Village,36061005501,0,22317,52803,77877,111654,69,76,80,84,85,13576.03746,,229.3032811,305700,1126,1496,783300,3712.00003592111,3446.00003334702,156,3518.00003404377,3062,145,15000.0001451554,365.000003532114,4535.0000438853,3794.00003671463,159,175000.001693479,745.000007209383,4907,3743,259,4204,3136,200
Manhattan,Central Harlem North-Polo Grounds,36061020800,0,6762,13636,24729,35466,1,3,6,16,45,3845.238177,16750,64.11032312,100000,493,693,904800,7068.99999341648,58.999999945052,6986,4178.999996108,30,4036,20624.9999807915,136.999999872409,2846.99999734852,6.99999999348074,2606,67499.9999371357,260.999999756925,4071,127,3483,4591,608,3130
Bronx,Melrose South-Mott Haven North,36005007700,0,6053,8567,21958,38472,0,1,6,4,15,4367.132919,11250,72.3571406,101000,513,904,441000,3638.99987629848,2210.99992484087,1375,952.99996760441,5,258,14375.0003958027,160.999994527083,1092.99996284535,15.9999994561076,357,54999.9981303699,309.999989462085,1307,20,319,1927,34,436
Bronx,Melrose South-Mott Haven North,36005007500,0,8590,15123,20813,24291,2,3,5,8,13,5186.363886,11875,78.24253166,110400,394,546,254000,11386.9998833453,5828.99994028453,5061,3651.99996258691,50,1777,18332.9998121867,167.999998278916,3096.99996827263,24.9999997438863,1380,67499.999308493,325.999996660277,4688,36,1466,4869,43,1467
Bronx,Melrose South-Mott Haven North,36005007300,0,7339,10014,21545,26364,1,1,2,4,11,4779.329469,,80.05969976,0,450,601,428000,6066.0001216387,3863.00007746296,2025,2984.00005983678,45,969,32500.0006517075,168.000003368827,3194.00006404781,30.0000006015762,949,137500.002757224,327.00000655718,3248,32,718,3893,38,889
Bronx,Melrose South-Mott Haven North,36005007900,0,6969,8830,14767,16161,1,2,4,5,9,4681.494618,14375,74.03333061,178400,347,445,-999,8337.99990681559,5848.99993463233,2270,5633.99993703514,122,1371,22499.9997485429,142.99999840185,5977.99993319064,50.9999994300306,1270,81299.9990914017,267.999997004867,6598,96,1420,6733,90,1706
Queens,Richmond Hill,36081013200,0,15977,31458,32361,56071,9,17,23,35,39,8607.142771,29285.71605,100.3508732,277600,715,1143,625800,1327.00004008837,1303.00003936334,0,1344.00004060194,1109,10,57258.0017297513,213.000006434682,1436.00004338124,923.000027883623,74,228200.006893871,529.000015980972,1785,878,80,1772,745,178
Brooklyn,West Brighton,36047035601,0,13136,19661,30493,48478,,14,0,,42,9137.681534,,127.3026328,17399.99938,530.0000277,744,239300,3598.05029994249,3582.61264649034,8.97537994384766,3327.35284173489,3269.91040039063,6.46227359771729,5614.0000953344,215.000000822772,3249.44654408097,3086.81266003847,75.7522048950195,107500.001791198,356.999991917717,2931.00006473064,2732.82373046875,91.9078903198242,2912,2672,125
Brooklyn,Sheepshead Bay-Gerritsen Beach-Manhattan Beach,36047061600,0,20100,51041,70119,70847,16,36,36,46,43,12243.24347,35368.85205,130.0909146,432400,830,797,945300,1718.00005762544,1679.00005631729,36,1675.00005618313,1530,67,70357.0023599261,268.999992061627,1755.0000588665,1549.00005195681,72,317859.402926885,565.680346842995,1521,1471,3,1656,1562,26
Queens,Far Rockaway-Bayswater,36081099802,0,8046,21176,29920,19425,,5,0,,26,7059.321949,23066.03761,143.1211339,185300.0029,633.9999863,675,425900,3917.58062967056,3842.54708344299,47.8857307434082,3979.41732103398,1951.62634277344,1272.93090820313,34551.0003940531,207.000002167965,4229.78051045662,977.698418935106,2278.908203125,143199.997187481,446.000017012555,4867.0000282526,860.81201171875,2700.07641601563,5283,1285,2798
Bronx,East Tremont,36005037504,0,5020,13426,13104,19500,,2,0,,9,4470.27435,18345.4493,76.04089064,143697.5563,343.2286644,626,333300,6534.66738078627,3907.5859344654,2359.57816314697,2449.03755989112,112.301224499941,967.069183588028,21242.134008282,158.835546480321,3274.75287186855,113.242449279409,927.598979711533,115488.576486978,273.300376715454,3172.00000006659,174.176326528192,934.254693984985,3677,84,1121
Bronx,Bedford Park-Fordham North,36005041300,0,12070,26126,32037,40862,11,14,17,21,24,9048.223483,21666.66667,99.12036622,178200,643,923,169300,6400.00003576279,6337.00003541075,8,6180.00003453344,4942,102,45556.000254564,214.000001195818,6294.00003517047,3230.00001804903,300,122500.000684522,443.000002475455,7515,1617,885,7384,1119,972
Brooklyn,Williamsburg,36047053700,0,6757,16364,16750,30938,0,9,7,9,9,4659.574709,7000,73.92857021,209100,523,824,608200,2137.00001592189,1670.00001244247,426,1306.00000973046,1117,68,27500.000204891,185.000001378357,1630.00001214445,1523.00001134723,9,112500.00083819,478.000003561378,1963,1811,9,3575,3504,25
Bronx,Kingsbridge Heights,36005026500,0,8908,19913,21306,23968,7,8,15,8,12,8554.546028,31428.57184,88.89751548,223100,583,819,554500,4958.00009234995,4915.00009154901,13,5305.00009881333,1593,583,55769.0010387786,197.000003669411,6051.00011270866,536.000009983778,1073,160900.002996996,407.000007580966,6724,462,1088,6942,219,872
Brooklyn,Homecrest,36047042200,8750,12760,27976,35136,46190,8,19,23,23,22,8750,28037.38173,99.02655471,295700,695,1073,773200,3432.0000127852,3407.00001269206,4,3126.00001164526,2928,16,57821.0002154,207.000000771135,3223.00001200661,2751.00001024827,46,251700.000937656,459.000001709908,3674,3030,32,3568,2648,64
Brooklyn,Ocean Parkway South,36047043800,7625,13562,25208,33382,45594,7,19,26,31,27,7625,27638.8894,88.32089158,418100,633,1082,635000,2488,2470,17,2255,2085,6,57653,197,2236,1954,25,258700,417,2674,2299,19,2481,1987,51
Brooklyn,Windsor Terrace,36047150200,0,17250,32767,59343,83875,,9,0,,50,8495.141606,19452.90424,89.39249024,249724.1351,720.3925363,1541,753600,2805.67667575723,2766.89219800152,18.7645105719566,2385.89735301128,2161.76387786865,10.8694803714752,37189.7990361611,196.035378540766,2207.33335353062,1858.94310389832,42.5772361755371,174926.254882327,506.864824368916,2237.00000777841,1604.82926940918,62.2601633071899,2540,1762,77
Bronx,Williamsbridge-Olinville,36005038200,0,20901,41248,42089,48068,,5,0,,19,8816.272879,25849.22267,100.9160945,191022.3464,709.0148976,1109,430100,2174.50316000637,855.022030465305,1248.37645339966,2131.19607101381,224.298150777817,1509.22792863846,46748.8960505345,223.99767351243,2080.9203889668,99.5932399360463,1649.61528015137,165765.172448067,492.065255162093,2571.47526464029,64.2023998349905,2125.59936189651,2596,27,2060
Brooklyn,Kensington-Ocean Parkway,36047049400,0,12341,30026,30986,43596,13,18,26,27,40,10493.27306,25166.66524,107.8066972,204300,701,982,492900,4765.99996449053,4709.99996490777,48,4839.99996393919,3501,555,48025.9996421784,223.99999833107,5550.99995864183,3592.99997323006,838,193999.998554587,460.999996565282,5596,2898,1008,5308,2886,735
Queens,Astoria,36081007500,0,12365,22995,30983,34386,7,11,23,28,37,8199.218769,28181.81845,89.91870173,97900,649,994,323500,4287.00006388128,4172.00006216764,16,4350.00006482005,3242,95,63500.0009462237,198.00000295043,4260.00006347895,2765.00004120171,100,235700.003512204,412.000006139278,4518,2301,103,4116,2128,98
Queens,Astoria,36081007700,0,16332,25865,39340,64732,1,11,19,20,36,8361.111686,21250,80.09803896,235500,713,1088,678600,1215,1200,4,1034,809,4,41000,204,1111,651,64,200000,549,1330,468,55,1478,557,90
Bronx,Morrisania-Melrose,36005014900,0,4572,9433,14353,23767,3,1,3,5,10,4951.922719,16875,76.92837824,214600,402,614,450000,6531.00000608247,1379.00000128429,4872,2440.00000227243,37,2035,21250.0000197906,155.000000144355,2665.00000248197,18.0000000167638,1716,90600.0000843778,267.000000248663,3668,58,1764,4591,169,1804
Queens,Middle Village,36081061900,0,15736,34869,42788,53631,,6,0,15,28,9364.168534,23485.13111,97.80599212,250500,670,1116,590100,3028.55329216375,3016.18280352686,.975716412067413,2747.87594073243,2651.06695556641,0,53963.8427416921,218.912924993885,2709.31528321899,2519.81480322744,4,196522.012182723,529.166429081192,2649,2237,25,2783,2005,38
Bronx,Bronxdale,36005033202,0,14114,26483,32997,22625,,13,0,,18,9811.046852,29615.38417,125.4216781,65699.99904,630.0000223,919,308100,4310.60647022724,4222.7483920157,64.5034027099609,3850.18565529585,2944.35766601563,224.093704223633,53000.0011639819,234.000008689274,4037.02308744192,1871.15464039147,508.242309570313,155400.003233764,419.999996079726,4497.99984562397,1220.00390625,975.891906738281,4167,586,1213
Queens,Corona,36081045500,0,14154,31112,35320,49281,28,16,19,19,23,11406.97688,,191.9160928,83400,692,1002,-999,11500.9998286217,9458.99985904992,989,10953.9998367727,1831,7111,44999.9993294477,271.999995946884,11909.9998225272,634.999990537763,8706,224999.996647239,519.999992251396,12577,1897,7620,12330,2082,5731
Queens,Queens Village,36081056200,0,19818,49063,64375,62260,10,16,13,27,16,10951.61304,21862.06863,113,192900,837,814,446200,1338.99999002367,1338.99999002367,0,1233.99999080598,1116,7,43840.9996733591,257.99999807775,1284.999990426,860.99999358505,72,169099.998740107,710.999994702637,1484,430,293,1517,320,260
Queens,Queens Village,36081056400,0,16080,34800,55435,66823,9,18,20,19,22,9925.925403,22704.54478,100.2985047,195300,709,1238,511300,1651.99998153746,1622.99998186156,22,1291.99998556077,1070,63,45122.9994957112,224.999997485429,1417.99998415262,869.999990276992,125,167199.998131394,507.999994322658,1839,419,341,1783,260,291
Queens,Laurelton,36081063000,0,23881,52212,65010,85078,,11,0,,24,11709.7257,23732.24746,118.3796345,179276.9847,816.7522333,647,372900,1592.50436460786,807.564536962658,763.806946754456,1653.48099845834,111.046436071396,1443.02598571777,45423.9000232381,242.83214964461,1616.8597961124,55.8504665996879,1446.12236499786,157233.548839934,619.984736068566,1787.83322795667,25.6112731099129,1662.07913970947,1579,14,1471
Queens,Jackson Heights,36081030904,0,18572,40281,48398,54611,,13,0,,24,10829.70972,29313.43276,140.4950573,261799.9969,778.9999768,1224,611800,2775.17912443262,2676.63880313467,.373258799314499,2651.63046401739,1842.03210449219,2.23955273628235,61338.9998174898,254.999995208017,2906.19296070375,1374.33887507208,21.6490097045898,233999.992981982,688.000018747204,3939.00010916591,974.205444335938,47.7771263122559,3712,984,62
Queens,Jamaica Estates-Holliswood,36081049200,0,14680,33732,37928,49816,,14,0,,15,9050.792577,24982.99468,136.8954096,215099.9906,652.9999744,897,463600,4378.10525160814,3365.37583789465,955.732342004776,4291.42416546908,1375.46392858028,2023.89636230469,49988.8037008771,237.999994774221,4880.74992554414,645.966902663698,2712.86108398438,179800.003526866,462.999989598108,5193.73406517506,345.982299804688,3000.84643554688,4750,234,2650
Manhattan,Marble Hill-Inwood,36061030300,0,11987,26795,38149,48962,11,15,29,33,52,7889.473329,,85.71428449,73600,677,984,368600,4180,4095,47,3673,2387,152,,197,3801,1769,207,112500,407,4178,1256,255,3753,1282,185
Queens,Richmond Hill,36081012200,0,13920,38911,37804,46025,6,8,13,15,25,8840.425926,24100,94.76190214,234100,750,1152,519100,2021.00001505762,2009.00001496822,6,2138.00001592934,1583,13,45116.0003361404,220.000001639128,2234.0000166446,1000.00000745058,142,179300.001335889,533.000003971159,3101,490,280,2971,311,297
Queens,Richmond Hill,36081014400,0,15200,40096,40125,54291,4,4,16,21,19,9464.286325,22500,98.90625,257400,751,1030,663300,1187.9999900423,1187.9999900423,0,1321.99998891912,926,15,42592.9996429896,212.999998214655,1443.99998789653,612.999994861893,120,178599.998502992,520.999995633028,1966,323,273,2109,152,243
Queens,Richmond Hill,36081015000,0,18462,40926,37684,69135,4,7,10,9,17,10489.13088,21274.03856,112.8571392,193000,733,1030,466700,1792,1774,14,1670,886,114,38289,221,2150,500,632,158100,627,2518,190,430,2458,101,443
Brooklyn,Stuyvesant Heights,36047038500,0,8413,19648,23750,28702,4,5,11,12,13,4759.61516,17500,85.32786251,172000,566,764,606200,4948.99992625415,270.999995961785,4653,2963.99995583296,21,2774,24499.9996349216,180.99999730289,3351.99995005131,14.9999997764826,2967,136599.997964501,356.999994680285,3628,18,3251,3422,55,2745
Brooklyn,Ocean Hill,36047030100,0,8865,17034,30636,41646,1,3,8,10,14,4669.90275,16750,82.78106459,181000,591,974,512200,4205,698,3466,2325,11,2067,29773,193,2362,14,2034,101100,411,2650,5,2273,2750,62,2329
Queens,Richmond Hill,36081012000,0,17045,40900,45750,64102,5,10,14,18,21,10142.85729,20000,106.3157903,221200,656,1242,562500,1675.00001871958,1660.00001855195,6,1553.00001735613,1219,2,36471.0004075952,224.000002503395,1690.00001888722,685.000007655472,135,159200.001779199,606.000006772578,2539,282,260,2487,136,266
Queens,Richmond Hill,36081014800,0,17264,32042,32475,55822,3,3,12,6,22,10598.21332,20037.87954,112.2222222,198800,766,1195,592900,1486.00001107156,1483.00001104921,1,1415.00001054257,799,46,36364.0002709329,225.000001676381,1720.000012815,421.000003136694,383,149000.001110137,623.000004641712,2276,150,442,2265,89,359
Bronx,Mott Haven-Port Morris,36005003100,0,7356,15375,27330,33603,0,1,2,13,21,4754.385889,13125,76.39455239,0,550,797,115600,2533.00008138688,1853.00005953806,610,793.000025479589,23,56,24999.9992138086,140.000004498288,742.000023840927,5.00000016065314,33,47500.0015262049,228.000007325783,1478,24,306,1597,8,553
Bronx,Longwood,36005008300,0,6241,8736,25886,25172,1,1,3,5,7,4381.118665,,75.30150545,183100,447,656,310300,12192.0000794828,9597.00006256532,2209,3881.00002530124,70,384,23750.0001548324,152.000000990927,5208.0000339523,81.0000005280599,865,55000.0003585592,266.000001734123,6204,61,1086,6155,77,939
Bronx,Soundview-Bruckner,36005005200,0,10417,13750,13826,33750,2,3,7,5,11,6141.791069,26428.57172,85.94405281,211800,299,682,214600,1938.99997110665,1390.99997927248,509,1922.99997134507,78,505,46249.9993108213,168.999997481704,1919.99997138977,20.9999996870756,601,137499.99795109,316.999995276332,2186,28,678,2031,34,597
Queens,College Point,36081092900,0,18097,36938,51211,76797,5,9,13,19,30,9842.857651,26042.47071,104.8818864,221900,762,1222,540100,5282.00001352793,5254.00001345621,0,4470.00001144828,4235,3,57874.0001482232,229.0000005865,4779.00001223967,3681.00000942755,40,203100.000520167,621.000001590466,5375,3049,76,6496,2176,113
Manhattan,Lenox Hill-Roosevelt Island,36061013400,0,19310,43970,66578,100653,33,50,65,74,81,8809.331269,65000,154.329894,323500,1113,1651,680600,10466.9998245332,10215.999828741,65,10141.9998299815,9236,108,212499.996437691,358.999993981794,9877.99983440712,8871.99985127151,113,500000.99161808,684.999988516793,10666,9259,150,11174,9277,216
Brooklyn,Park Slope-Gowanus,36047013100,0,10037,31023,51131,91667,2,16,40,45,67,5086.614122,17500,78.57142484,373500,839,1632,932200,5507.00002051517,4026.00001499802,1321,4241.00001579896,663,1178,37500.0001396984,185.000000689179,3959.00001474842,1255.00000467524,956,265600.000989437,522.000001944602,3994,1557,922,3828,2139,589
Brooklyn,Park Slope-Gowanus,36047014100,0,9974,24636,41840,78674,3,5,26,37,63,5527.777913,12812.5,69.84496578,264200,732,1531,919100,2841.99998941273,2750.99998975173,27,2591.99999034405,1212,47,28635.9998933226,172.999999355525,2524.99999059364,1054.99999606982,139,169299.999369308,474.999998230487,2737,984,197,3017,1840,160
Brooklyn,Park Slope-Gowanus,36047014900,0,9521,35076,47569,90175,0,7,32,43,66,6291.304254,13232.75838,74.61832222,276000,837,1650,859900,6555.00001220964,6228.00001160055,237,5645.00001051463,2445,274,26282.000048954,177.000000329688,4993.00000930019,2436.0000045374,510,148500.000276603,526.000000979751,4774,2515,428,4976,3309,313
Brooklyn,Sunset Park West,36047014500,0,10120,21100,30735,49842,1,3,9,18,33,5674.418539,11333.33303,68.4848446,178300,633,1226,676000,4007,3840,134,3473,1691,61,23958,162,4047,1547,240,146900,433,4326,1183,266,4179,1825,229
Brooklyn,Sunset Park West,36047014700,0,9588,27070,34878,60184,,5,0,,51,7483.050941,11923.07754,70.04237533,183199.999,715.0000311,1191,756600,2438.78047822416,2280.48779591918,137.723571777344,1904.8780412972,1097.31701660156,69.7560958862305,27794.0003592344,167.00000184411,1796.66665960848,761.056907579303,106.422760009766,156299.994591063,449.999991782642,1979.99995923042,633.170715332031,103.739837646484,2084,995,131
Manhattan,Midtown-Midtown South,36061009400,0,13750,53535,15947,9750,,45,16,0,31,7599.999775,,168.7500039,,415,495,-999,78.3387346430537,78.3387346430537,0,92.8459077251007,70.6015777587891,6.77001428604126,,501.000009054674,75.0000019557774,37.0000009648502,30,0,713.000018592924,51,30,3,73,54,2
Manhattan,Turtle Bay-East Midtown,36061009200,0,17060,36451,62375,104023,,44,56,66,74,7708.13608,,151.674997,319200,1173,1995,650600,1640.6612658413,1561.66126588728,32,1402.15409316463,1202.39842557907,73.229986011982,,344.427757576909,1462.99999914842,994.999999420834,198,224999.999869033,723.999999578577,1334,919,75,1806,1150,86
Manhattan,Upper East Side-Carnegie Hill,36061011401,0,40294,100078,108107,116576,34,46,61,70,64,16842.10574,,238.2716162,1000001,2001,1262,1000001,1523.00001702085,1493.00001668558,20,2150.00002402812,1987,14,212500.002374873,514.000005744398,1919.0000214465,1766.00001973659,26,300000.003352761,1001.00001118705,1484,1332,8,1412,1225,25
Manhattan,Upper East Side-Carnegie Hill,36061012200,0,30265,100354,105573,137500,37,52,67,72,75,14201.08749,63269.22845,277.4425423,1000001,1156,1626,1000001,5041.99994365126,4930.99994489178,72,4738.99994703755,4431,48,209482.997658845,500.999994400889,4075.99995444715,3799.99995753169,38,500000.994412053,824.999990779907,3914,3568,42,3633,3167,28
Queens,Bayside-Bayside Hills,36081146300,0,16756,34546,47650,69427,,14,0,,29,10288.35879,29226.03424,127.7293355,277069.3672,903.0371734,1164,604200,2725.4128071731,2597.77368425438,88.1850091516972,3002.07350266213,2589.28921508789,81.3531992733479,64798.3811650483,250.453867748907,2862.11189330369,2089.07386503508,96.4204753339291,233900.047404299,557.766000337748,3075.00000132807,1733.40109825134,84.5718464255333,3000,1378,84
Brooklyn,Bedford,36047025300,0,6639,17288,27955,44084,0,1,4,16,21,5221.088506,16875,85.86046861,191800,516,875,742100,4904.99998172745,662.999997530133,4152,2230.99999168888,23,1892,34999.9998696148,189.999999292195,2201.99999179691,22.9999999143183,1769,124999.999534339,353.999998681247,2528,18,2107,2754,350,1766
Queens,Bayside-Bayside Hills,36081146700,0,17411,34125,52280,56781,,21,0,,33,10103.174,31086.95515,127.6744174,331400.0102,705.0000126,1077,613200,2764.37221705215,2727.10859724088,10.7868375778198,2511.37185096508,2290.73193359375,20.593053817749,65000.0003245619,227.999997070943,2222.08848664071,1870.04534158157,24.5155391693115,268199.992926418,426.000008091192,2682.00001120567,1830.82043457031,33.3411331176758,2736,1410,71
Brooklyn,Dyker Heights,36047020600,0,17380,31094,52679,63173,10,14,18,30,37,9521.739482,29663.86585,95.26316282,294000,713,889,656100,2424,2417,0,2153,2084,0,64615,208,1951,1805,3,255400,504,2192,1749,9,2220,1616,18
Queens,Far Rockaway-Bayswater,36081100801,0,17779,37066,43513,68581,,16,0,,44,11277.15367,32765.15283,123.8383855,205700.004,692,843,453100,2294.52280254912,2217.02956492857,62.5820007324219,1811.94100792083,1069.09033203125,404.862640380859,48518.9986249511,242.000007677817,1880.6230610889,492.070762500196,895.351867675781,176799.992147747,550.000006535027,2222.00005896389,331.436096191406,1243.73266601563,2327,870,1102
Bronx,Rikers Island,36005000100,8500,0,,,-999,1,1,3,0,2,8500,,,,,-999,-999,5551.99998448789,1519.99999575317,3908,5624.99998428393,533,3282,,,14049.9999607448,452.999998734333,4902,,374.999998952262,12780,1091,7747,11091,782,6208
Bronx,Hunts Point,36005011502,0,6736,8740,14167,20536,1,0,3,3,7,4628.205,16000,81.41055563,158300,423,776,372200,6088.99996030424,3835.99997499213,1829,3488.99997725431,92,696,31666.9997935547,161.99999894388,3122.99997964036,44.9999997066334,683,47499.9996903352,273.999998213723,4139,52,1103,4340,35,1110
Bronx,Crotona Park East,36005012300,0,5340,9269,17901,13981,,0,0,,12,3993.750381,,76.08959003,167500,278.0825887,392,370800,6353.03246292152,3564.25385924957,2550.75292158127,1818.17459326775,32.7690086364746,439.016390323639,65000.0008796908,124.999994190978,2084.68721460994,28.913830993203,407.685028076172,87500.0036004196,228.000002378962,2920.89604699612,46,671.379209399223,4152,30,1135
Brooklyn,Ocean Parkway South,36047044800,0,15418,31566,42192,44866,,19,0,,50,9819.11764,25546.53597,132.6307777,211343.7769,781.993074,918,476800,1649.06599949993,1634.49282207629,.104854476405308,1495.41905716519,1349.69903945923,5.10344548523426,55303.8877215253,218.291095814843,1361.27749744198,1208.27852300322,5.0559497163631,238990.932357093,483.703465339702,1521.67053430527,1272.46380615234,10.1896231174469,1915,1613,28
Brooklyn,Ocean Parkway South,36047045000,0,21296,41389,48214,38643,,24,0,,23,11249.99971,27647.05899,172.6562452,251000.0077,813.9999633,1471,632100,1352.24338131258,1341.81233138661,1.89655458927155,1100.00162855722,1052.58776855469,1.89655458927155,54883.9990324465,294.999987919914,991.898020233493,944.484156933613,.948277294635773,247800.002881273,498.999991203097,1277.32943558693,1163.5361328125,21.8103771209717,673,593,7
Brooklyn,Prospect Lefferts Gardens-Wingate,36047080200,0,12704,28550,31919,41042,13,10,15,16,22,8091.911869,22698.41241,103.425196,198300,614,829,581800,4253.99998415262,1774.99999338761,2392,4494.99998325482,160,3895,49463.9998157322,225.999999158084,5516.99997944757,78.9999997057021,4970,174299.999350682,445.999998338521,4817,71,4352,4304,216,3637
Brooklyn,Midwood,36047075800,0,20663,35357,50662,93676,23,37,36,48,38,13855.26291,38180,140.7142797,345700,627,873,762100,2160.00003620982,2138.00003584102,13,1785.00002992339,1741,8,75000.0012572855,233.000003905967,1674.00002806261,1585.00002657063,18,349400.005857274,406.000006806105,1877,1756,15,1816,1691,19
Queens,Murray Hill,36081115100,0,25739,62553,82453,92614,24,28,38,43,55,13656.24927,37408.25649,129.6428522,348400,800,-999,696000,1227,1222,5,1208,1108,2,75898,296,1174,949,5,307100,763,1210,839,6,1116,640,13
Queens,Murray Hill,36081117100,0,16914,31857,34645,53404,,24,0,,33,9124.822904,39494.85177,103.1408917,295490.1511,748.6915115,1121,790400,1532.40118727235,1493.98534583886,4.08421003818512,2354.30365036065,2060.74303817749,17.0470760241151,70046.3860733888,227.253750228634,2587.52862890903,1609.99340949161,39.2165236473084,293643.49625306,579.590911585067,3070.00000026869,1067.51865959167,55.4540011882782,2743,597,37
Queens,North Corona,36081040500,0,10179,25954,34871,51853,3,2,4,10,8,6385.416316,20000,93.02325191,257100,759,1242,787700,1804.99998539599,1453.99998823588,319,2001.99998380209,347,141,41249.9996662518,218.999998228101,2485.99997988611,175.999998576008,131,253599.997948157,581.999995291117,3303,122,119,3303,42,51
Queens,North Corona,36081040700,0,11012,22568,33750,47094,3,3,6,3,8,6112.903308,22500,92.74193219,268400,711,1000,563000,4801.99991279189,3788.99993118877,856,5887.99989306927,995,811,42367.9992305636,223.999995931983,5860.99989355961,454.99999173684,492,228099.995857524,551.999989975244,7904,248,360,8304,146,182
Queens,North Corona,36081040900,0,12217,26120,40208,29129,2,4,9,10,6,6833.33352,25869.56395,93.27160698,270200,705,1073,572400,3063.99998573214,2384.99998889398,583,3067.99998571351,481,377,46332.9997842451,219.999998975545,3490.99998374376,266.999998756684,293,209699.999023508,557.99999740161,5198,218,261,5094,113,155
Manhattan,Midtown-Midtown South,36061013100,0,16836,31054,52386,101799,20,38,53,60,74,12978.26056,,213.2575726,326000,1095,2001,722600,1398.00001879747,1342.00001804449,32,1809.00002432376,1333,107,,323.000004343048,2270.00003052235,1501.0000201824,337,350000.004706089,649.000008726434,2086,1393,96,2816,1653,118
Manhattan,Midtown-Midtown South,36061013700,0,20353,49321,80934,117242,,45,55,72,83,12255.92396,,208.8263442,524700,1612,2001,879400,6182.54130432456,5932.15184538521,114.803070068359,7226.65545128509,6292.39599609375,211.791870117188,94999.9988610751,500.000006374592,7048.99996266217,6004.99996819213,170,499999.997351551,1000.99999469781,6797,5398,131,6471,4862,125
Brooklyn,Sheepshead Bay-Gerritsen Beach-Manhattan Beach,36047062800,0,19257,40316,59294,71797,2,4,11,14,25,10071.42888,18958.33422,103.58491,190400,719,833,452100,6175.00000471755,6149.00000469769,6,5690.00000434702,5520,1,41036.0000313505,214.000000163491,5434.00000415144,5226.00000399254,4,165100.000126132,532.000000406435,5509,5153,21,5226,4625,35
Queens,Rego Park,36081071701,0,18502,32779,39845,52608,,25,0,,56,11718.3091,36666.66634,186.9618482,75600.00385,739.0000199,1115,248800,4974.01231437683,4711.27875617302,98.8451766967773,5075.79145629032,3777.1337890625,220.537536621094,63500.0011047235,331.999997166765,5036.94028350466,3266.92655865241,240.534469604492,210000.003154209,552.999981790952,5578.00022387505,2974.97143554688,285.67041015625,5161,2994,142
Queens,Rego Park,36081071702,0,18502,32779,39845,50664,,25,0,,52,11718.30989,36666.66872,186.9618596,75600.00012,739.0000248,1117,256300,3731.84671792365,3534.7259017895,74.1604614257813,3808.20844216086,2833.86596679688,165.462463378906,63500.001181173,331.999994923257,3779.05961572379,2451.07337598782,180.465530395508,210000.008406255,553.000009523857,4185.00006708503,2232.02856445313,214.329620361328,3921,1577,231
Queens,Woodside,36081025500,8875,16354,39907,47143,56354,11,11,28,26,50,8875,22976.19083,122.1428553,140400,785,1289,248900,1250.00000523869,1229.00000515068,10,1282.0000053728,783,9,43043.0001803911,233.000000976492,1839.00000770716,805.000003373716,15,200800.000841543,565.000002367888,1849,593,36,1507,391,18
Queens,Woodside,36081025700,0,15808,31354,34375,64940,5,10,21,30,30,7333.333515,24038.46118,107.2093013,226500,757,1359,436000,1352,1307,12,1223,801,0,57500,219,1331,630,7,218300,524,1504,430,8,1542,322,13
Queens,Woodside,36081026300,0,15819,28383,33838,47791,10,19,18,26,34,8326.388889,22638.88905,103.1468551,235900,730,1216,409200,4253.00000891206,4138.00000867108,14,4470.00000936678,2150,16,50811.0001064732,228.000000477768,4847.00001015677,1487.00000311597,20,231800.000485731,516.000001081266,6003,801,75,6220,589,43
Queens,Forest Hills,36081072300,0,32161,64096,106844,134032,33,50,50,68,78,16582.94331,46876.44549,128.224041,497394.6768,1406.05814,1662,936400,1893.9999999553,1810.99999997765,13,2386.9999986589,2038,5,117875.202162427,384.515624985448,2253.99999940395,1756.99999953806,13,427670.911755612,858.15929236296,1761,1202,22,2127,1292,33
Queens,Forest Hills,36081073700,0,20000,44567,51367,62050,25,42,50,59,70,8410.257069,56538.46043,144.0291306,138200,815,1307,526100,2005.00002783447,1957.00002716811,15,1983.00002752905,1777,12,110417.001532867,281.00000390099,1806.00002507184,1425.0000197826,8,421700.005854262,617.000008565519,1848,1288,22,2042,1278,64
Queens,Elmhurst-Maspeth,36081026500,0,15968,24291,34127,42528,11,24,23,24,27,7004.629044,22968.75,129.0306108,280400,750,1089,398900,2868.99997261236,2671.99997449294,21,2945.99997187732,1183,30,48749.9995346298,256.999997546664,3687.99996479414,725.999993069563,44,210699.997988646,578.999994472833,4534,358,79,4494,238,48
Queens,Jackson Heights,36081029100,0,16465,31649,36892,50413,14,24,30,22,30,8627.976155,28023.25549,117.8125,171900,722,1059,330400,4894.00003760261,4736.00003638864,12,4785.00003676512,3016,33,61336.0004712697,241.000001851702,5138.00003947737,2073.00001592771,50,221500.001701876,469.00000360352,7120,1386,108,7039,1071,126
Queens,Woodside,36081029300,0,15268,42159,38438,72750,7,21,15,36,15,9638.888889,23026.31698,120.75,215800,742,1470,557700,1364.99998982996,1344.99998997897,0,882.999993421137,547,3,54238.999595888,243.999998182058,1113.99999170005,288.999997846782,36,210299.998433143,593.999995574355,1368,194,27,1351,160,13
Queens,Jackson Heights,36081030902,0,18746,36633,41018,48936,13,16,24,26,23,10473.52968,31907.89556,169.8308336,285400,774,1143,598400,7394.99979209475,6726.9998108751,36,7005.99980303121,4424,58,66298.99813605,279.999992127996,6736.99981059396,3386.99990477687,66,241299.993216019,657.99998150079,7949,2292,111,7992,1785,67
Queens,Maspeth,36081051300,0,20213,38631,41514,51094,,7,0,,16,10687.50052,22892.85915,114.0845046,229500.0019,809.9999954,1265,581900,2725.70295908209,2705.71247166675,0,2080.01021556649,1922.08532714844,.999524354934692,52361.0004230073,244.999990572607,1883.10391452536,1512.28037297074,2.99857306480408,200699.999283882,614.999999007669,2098.00162100792,1464.30322265625,10.9947681427002,2367,1290,16
Manhattan,Upper West Side,36061017700,0,15627,35147,46154,52727,33,40,49,56,56,8626.865432,62857.14393,133.0110474,441900,608,771,907300,8730.99995121174,7289.99995926395,1210,10145.9999433048,5065,1734,99999.9994412065,245.999998625368,10723.999940075,5533.99996907637,1719,349999.998044223,452.999997468665,9618,4754,1653,9151,4665,1479
Manhattan,Upper West Side,36061018100,0,18771,39636,53222,73169,34,46,55,63,72,9488.950016,38750,152.7932895,309500,714,887,720500,8716.99990257993,6943.99992239475,1393,9545.99989331514,5072,2065,94999.9989382923,288.999996770173,10014.9998880737,5855.9999345541,1873,500000.994412053,535.999994009733,9082,5137,1721,8866,5292,1409
Manhattan,Upper West Side,36061018500,0,21950,43580,56810,78966,55,60,67,73,76,11792.45339,,197.403634,319900,743,1130,824600,3898.00005808473,2937.00004376471,791,4126.00006148219,2223,1411,10000.0001490116,331.000004932284,3866.00005760789,2253.00003357232,1108,0,525.00000782311,3783,2224,953,4190,2757,676
Bronx,Parkchester,36005021602,0,14177,26112,34866,46672,,11,0,19,23,9117.885356,24999.99987,94.04862132,56800,679,943,122800,4924.41708533288,4804.94073065436,75.6683578491211,4913.46508615401,2238.1904296875,1631.84790039063,47999.9997600396,233.999991928184,4729.2723726913,856.247208529372,1913.61291503906,162499.998154505,423.999985374146,5293,305,2520,5769,194,2465
Bronx,Parkchester,36005021002,0,14536,29226,32813,47280,,13,0,,22,9575.110136,14685.94988,98.18126589,45299.99854,695.9999924,919,121800,8848.58451986426,8662.75571344412,173.537835389376,7969.602546226,3544.51628017426,2968.15087747574,35004.0497544155,238.991553541898,6815.49187023981,1228.29600802014,3155.48132419586,112557.31722398,436.975754789918,8753.00010752678,516.185546875,4818.47021484375,6839,201,3625
Bronx,Parkchester,36005021200,0,13843,31487,34444,50578,,11,0,18,29,8422.172134,24166.66768,94.37024786,47400,675,962,124100,5352.9164852503,5282.31976414412,62.0887030959129,5040.75546390629,2624.2078704834,1663.70953321457,45500.0000328283,234.713162398214,5282.19898680378,1161.76930343359,2207.0805182457,1853.25268473532,427.933870420447,5232,278,2402,5267,222,2113
Bronx,Williamsbridge-Olinville,36005038800,0,17725,35915,39420,36816,7,13,9,16,22,7782.609266,23177.96733,107.7464696,199700,654,980,388900,2167.00003229082,388.000005781651,1765,2034.00003030896,103,1768,43776.0006523132,218.000003248453,1874.00002792478,31.000000461936,1734,156300.002329051,519.000007733703,2374,45,2119,2606,25,2186
Bronx,Williamsbridge-Olinville,36005039000,0,11952,24200,37222,35729,2,5,9,17,24,7476.190397,21590.90823,94.55357143,197300,664,970,442000,2536.00001889467,1041.00000775605,1487,2337.00001741201,367,1680,44200.0003293157,217.000001616776,2047.00001525134,184.000001370907,1606,148600.001107156,508.000003784895,2580,69,2135,2975,31,2197
Bronx,Eastchester-Edenwald-Baychester,36005038600,0,12350,30417,35696,41885,6,9,11,16,19,8104.166667,24104.47826,104.5098022,197500,692,972,439700,6524.00000721519,4097.00000453106,2387,5908.00000653393,1011,4068,47254.0000522604,237.000000262109,6799.00000751932,326.000000360538,5707,163600.000180933,462.000000510947,7123,127,6128,7409,129,6031
Brooklyn,Stuyvesant Heights,36047028300,4248,5135,9057,12830,16118,1,0,1,5,13,4248,19583.33333,79.97584798,173200,413,517,594800,5084.00004734844,2409.00002243556,2597,3459.00003221445,28,2179,17500.0001629815,162.000001508743,3101.00002888031,27.0000002514571,1889,100000.000931323,297.000002766028,3624,25,2208,4097,170,2338
Manhattan,West Village,36061006500,0,13903,32765,56625,66079,26,50,58,70,80,4972.727116,,74.36046737,421800,1084,1665,1000001,6217.00008757424,5977.00008419354,163,6732.00009482866,5860,189,215000.003028545,230.000003239838,6966.00009812485,5819.00008196791,276,500001.007043141,523.000007367111,6690,5154,259,6202,4765,141
Brooklyn,Stuyvesant Heights,36047037700,0,8456,22978,34601,46584,1,4,8,14,31,6465.909131,16704.54523,85.82691739,193600,609,976,612600,5438.00003038719,193.000001078472,5210,3763.0000210274,20,3649,40667.0002272446,189.00000105612,3797.00002121739,12.0000000670552,3530,125800.000702962,388.000002168119,3827,28,3570,3660,113,3086
Brooklyn,Ocean Hill,36047037300,4972,7895,15556,20912,27263,1,3,5,15,10,4972,18437.5,84.33110174,177400,505,633,585300,5325.00005951151,658.000007353723,4613,3724.00004161894,22,3425,27500.0003073365,185.000002067536,4152.00004640222,31.000000346452,3618,156300.001746789,344.0000038445,4199,24,3543,3784,64,3018
Brooklyn,Stuyvesant Heights,36047037500,0,6515,13785,20510,40323,3,2,3,4,14,4826.270971,15000,81.55779599,222100,527,916,475600,4508.0000073472,636.000001036562,3780,2197.0000035807,22,1976,44167.000071984,177.000000288477,2081.00000339164,14.0000000228174,1768,156300.00025474,339.000000552507,2831,35,2242,2910,114,2091
Queens,Springfield Gardens North,36081029400,0,18506,37077,43547,65986,7,10,20,19,23,10284.49755,21895.01664,144.9523042,181704.1838,671.8556701,1097,445200,5306.00002542246,560.000000922068,4657,5313.00002326633,365,4706,40718.3729391498,254.933127118475,5690.00002586041,255.999999812397,5126,138111.77604007,524.603854232796,6164,173,5587,6664,56,5717
Bronx,Mount Hope,36005022701,0,10034,16830,19219,32436,,8,10,5,6,6506.347024,,91.32780596,96000,516,789,441300,5191.23703071122,4007.94315391119,1042.79447031021,3755.9673495372,206.894355297089,1893.57742118835,27499.9995978921,212.275366661192,4042.99993975461,62.9999990612268,1653,67499.9989941716,378.99999435246,3036,38,1169,5196,68,1717
Bronx,Mount Hope,36005022901,0,8827,16050,25402,27908,,11,8,9,13,7434.85315,19641.12843,95.00477198,151300,566,833,-999,5584.91483329492,3745.54465213105,1527.88301348686,5671.59288044905,266.784334182739,2501.24262237549,35980.5053467717,193.42311427573,5567.00001555402,104.000000290573,2118,73500.0002053566,374.000001044944,6093,109,1553,5370,90,1381
Queens,Jamaica Estates-Holliswood,36081045800,0,19235,42045,49279,66875,,40,0,,51,9954.5464,40060.24421,137.7906886,308900.0156,770.000011,1207,879900,1514.10030920617,1473.44666632637,11.898627281189,1500.21857749112,969.738098144531,123.944030761719,76526.0015277879,266.999997080713,1872.05067700148,622.694822646677,197.318893432617,284799.985270186,537.000002732472,1878.00004351139,286.558624267578,344.068634033203,2016,215,259
Queens,Jamaica Estates-Holliswood,36081046600,0,19948,41307,51979,60943,31,45,40,44,58,9683.333333,43804.34583,166.5322586,70800,838,1172,179400,2304.99996779952,2228.99996886123,28,2320.999967576,1878,110,87894.998772121,336.999995292164,2593.99996376224,1393.99998052605,404,361399.9949513,611.999991450459,2831,697,838,3058,515,941
Manhattan,Morningside Heights,36061020701,0,13492,22115,32273,36953,56,73,77,83,91,7204.225513,,120.1880903,166000,851,1375,897700,2485.99994443357,1923.99995699525,340,3171.99992910028,2223,374,64999.9985471368,287.999993562698,3045.99993191659,2171.99995145202,255,212499.995250255,576.999987103045,2548,1555,210,3329,2015,203
Bronx,University Heights-Morris Heights,36005024501,0,7177,16078,22261,26168,,6,0,,8,7870.000509,28636.3631,88.76299457,166500.0049,542.0000221,775,522300,4577.4554740414,3608.77281048894,837.423278808594,4004.84365103021,126.100700378418,1889.791015625,45384.9995156668,195.000008600314,4353.34013590589,80.2459011226892,1616.95495605469,130000.000465561,370.000019101484,4895.00012755394,74.5140533447266,1586.0029296875,4864,66,1044
Manhattan,Central Harlem North-Polo Grounds,36061021400,0,10272,22725,25788,35768,,8,16,18,31,7103.174755,,145.8718036,120800,559,837,-999,3329.6269464561,9.62876502734557,3305.55493164063,3259.33696175648,21.1832828521729,3153.42065429688,,212.999999774128,3652.00001530536,23.0000000963919,3443,0,419.000001756009,3161,10,2986,3001,156,2501
Manhattan,Central Harlem North-Polo Grounds,36061023200,0,4961,8923,18013,22955,1,1,4,7,15,4277.641134,,63.01009054,805000,381,525,240500,11507.9999571294,539.999997988343,10919,6648.99997523054,26,6326,44999.9998323619,133.999999500811,6456.9999759458,32.9999998770654,5652,449999.998323619,236.999999117106,8344,48,6345,7980,168,5219
Queens,Elmhurst,36081068300,0,17208,32843,40205,49167,21,24,31,28,33,11093.59589,,187.3765814,81100,727,1053,203200,4416.99999832883,4174.99999842039,28,4270.99999838407,1515,268,32499.9999877036,310.999999882333,4349.99999835418,930.999999647756,179,149999.999943248,555.999999789638,4298,472,234,4210,388,184
Manhattan,East Harlem North,36061019800,0,4151,14943,21480,51042,2,4,14,24,47,4103.773234,11562.5,76.75,97400,538,852,382600,3663.0000392315,400.000004284084,3242,1430.0000153156,19,1302,27500.0002945308,130.000001392327,863.000009242911,93.0000009960495,627,71300.0007636379,240.00000257045,1517,50,1205,1914,278,1115
Manhattan,Central Harlem South,36061020000,0,6605,19198,24091,47530,4,6,19,16,43,4912.946216,25000,69.50354883,455600,422,697,1000001,3585.9999265261,48.9999989960343,3518,3308.99993220158,18,3186,55999.9988526106,129.999997336417,2370.99995142035,61.999998729676,2056,249999.994877726,262.999994611368,2413,85,2015,2581,528,1613
Brooklyn,Carroll Gardens-Columbia Street-Red Hook,36047007500,0,15136,38884,69107,82250,4,18,40,63,71,6245.370501,19642.85769,70,413000,973,1779,1000001,5996.99996439472,5812.99996548716,61,4931.99997071782,3495,24,58653.9996517606,187.99999888381,3962.99997647095,3008.99998213502,66,261799.998445646,630.999996253639,4454,3288,138,4383,3463,89
Bronx,Soundview-Castle Hill-Clason Point-Harding Park,36005002800,0,17963,33557,34234,44036,8,13,17,14,17,10357.57604,24444.44467,168.8988063,145800,584,792,262000,4551.99993534945,1742.99997524475,2701,6487.99990785308,143,5043,44642.9993659502,276.999996065861,5963.99991529528,56.9999991904479,4747,143099.997967598,418.999994049082,5718,70,4448,5586,45,4254
Bronx,Soundview-Bruckner,36005005001,0,7697,17250,20385,28933,,3,0,,9,6778.430477,22386.36239,85.8405762,176999.9982,553.9999964,908,380400,4543.09179376066,3391.10485593975,958.326171875,4130.37206406891,137.422058105469,797.773620605469,41332.9991248375,184.000006503402,4634.70650298893,76.6479497998953,971.478759765625,132099.996666228,373.000002828089,4871.00004673004,70.751953125,1224.09948730469,4767,55,1329
Manhattan,Lincoln Square,36061014500,0,18253,71334,102582,126406,,35,73,83,86,10283.68055,,238.9390061,459600,2001,2001,932100,2284.45858473257,2213.84804830787,39.1969256401062,1403.34510916202,1249.60390472412,60.2081212997437,94999.9980307669,407.071252182162,3267.00002129842,2758.00001798011,92,375000.002444722,1001.00000652578,4411,3203,175,5542,3859,217
Manhattan,Lincoln Square,36061014900,0,25986,58858,96588,127672,,58,69,78,81,8936.619835,,133.1730737,607300,1500,1876,1000001,2102.0000783056,1999.00007446855,63.0000038146973,5345.00019911677,4794,187,175000.006519258,507.999981307419,5031.00018741935,4539.00016909093,117.000007629395,500001.018626489,1001.00003729016,5956,4971,151,5842,4650,145
Queens,Hunters Point-Sunnyside-West Maspeth,36081016900,0,16965,31496,43205,61346,10,21,28,36,36,9219.626216,25740.7413,114.4000048,207300,726,1059,574200,5638.99994141041,5520.99994263644,42,5139.99994659505,3816,51,53586.9994432275,237.999997527164,5053.9999474886,3256.99996615955,55,223799.997674703,444.99999537642,5579,2686,83,5539,2551,105
Bronx,Soundview-Castle Hill-Clason Point-Harding Park,36005004600,0,11578,21906,17976,22146,,4,0,,8,7078.947461,,93.75000168,0,305.999988,681,87300,1789.6491569858,1162.62604868039,607.149169921875,1607.80251860246,123.218490600586,634.972717285156,37499.9988853664,175.999994286049,1506.44537589699,53.659663785249,590.256286621094,56699.9996103,279.000013631948,1418.99997925758,52.6659660339355,586.281494140625,1555,32,607
Brooklyn,Crown Heights North,36047034300,0,7494,20131,16981,19452,2,3,7,10,13,5346.368644,21944.44495,83.8424419,187200,291,537,604900,7764.99991321936,448.999994982034,7247,5821.99993493408,19,5529,47272.9994716831,154.99999826774,5338.99994033203,73.9999991729856,4886,171399.998084456,275.99999691546,5434,46,4843,5281,105,4044
Brooklyn,Crown Heights North,36047034500,6800,9774,24539,32917,42095,7,4,15,8,15,6800,13333.33298,96.14034962,176100,561,897,469800,3027.00002079096,155.000001064618,2834,2440.00001675915,30,2315,35000.0002403976,196.000001346227,2524.0000173361,20.0000001373701,2299,107500.000738364,409.000002809218,2529,15,2267,2647,32,2397
Brooklyn,Sunset Park East,36047011200,0,8447,18493,19697,24819,2,8,9,11,18,5700.564667,,75.89665837,239200,528,830,339500,5096.00007593632,4902.00007304549,113,4736.0000705719,2422,282,57500.0008568168,183.000002726913,5791.00008629262,2191.00003264844,259,210000.003129244,378.000005632639,6242,2124,163,6436,2597,150
Manhattan,Hudson Yards-Chelsea-Flatiron-Union Square,36061008300,0,10618,25370,28700,33287,7,19,34,42,41,6035.175743,,80.30142291,192900,602,625,572200,4308.99993416843,3801.99994191422,381,3885.99994063089,1713,371,7499.99988541731,177.999997280571,3590.99994513781,1663.99997457792,339,449999.993125039,382.999994148644,3477,1396,427,4092,1841,457
Brooklyn,Bushwick North,36047040900,5640,6386,15183,24048,32097,1,2,8,6,14,5640,18750,82.925,179400,575,1023,489700,4614.00003007986,2739.00001785625,1748,3774.00002460368,123,1237,25000.0001629815,187.000001219101,3685.00002402347,51.0000003324822,1149,132100.000861194,384.000002503395,3507,37,984,3752,152,873
Brooklyn,Bushwick South,36047041100,0,6959,11957,17750,33182,2,3,7,4,14,5138.888828,18750,90.41044855,182200,542,768,551900,4587.99996581674,1163.99999132752,3354,2804.99997910112,35,1986,32499.9997578561,185.999998614192,3088.99997698516,15.9999998807907,1933,122499.999087304,374.999997206032,2837,37,1699,3302,75,1577
Bronx,Allerton-Pelham Gardens,36005031000,0,21766,57025,56406,90461,13,15,16,25,30,13164.89338,30328.94617,137.8846195,238800,902,1062,553300,2624.0000455156,2609.00004525541,5,3506.00006081467,3164,199,61365.0010644301,284.000004926231,3581.00006211561,2757.0000478226,329,215700.003741507,652.000011309516,4284,2522,611,4415,1863,857
Brooklyn,DUMBO-Vinegar Hill-Downtown Brooklyn-Boerum Hill,36047007100,0,8566,16917,22011,37878,3,6,19,21,30,5689.393875,24000,81.08614459,371100,397,529,941200,6613.00012933556,3029.0000592405,3399,5496.00010748953,504,2838,62391.0012202291,143.000002796762,5314.00010393001,587.000011480413,2518,282100.005517248,334.000006532297,4609,670,1979,4495,822,1662
Brooklyn,DUMBO-Vinegar Hill-Downtown Brooklyn-Boerum Hill,36047012700,0,6695,12759,19000,24656,0,0,9,16,26,4331.776068,,74.5,351700,374,501,653100,4069,2050,1814,3821,148,1565,20000,139,2895,152,1035,187500,303,3405,367,1195,3507,720,1164
Brooklyn,Bath Beach,36047028600,0,11600,30018,22981,36518,7,7,13,35,33,9136.718808,25833.3342,130.2197857,299500,690,847,694400,5189.99998066574,5107.99998097122,17,4295.99998399615,3629,96,58332.9997826926,226.999999154359,4545.99998306483,3356.9999874942,131,207499.999227002,493.999998159707,4984,3440,96,4814,2888,142
Queens,Breezy Point-Belle Harbor-Rockaway Park-Broad Channel,36081091601,0,20504,43340,58276,82996,,14,0,,47,10544.23887,15500.00089,137.4186411,244999.9945,245.9999993,628,519600,2217.02480750113,2208.42469333393,2.50658696889877,3618.26662276539,3592.11499679089,.158470451831818,41552.9992751561,148.000002634173,3665.04980621433,3615.06276575859,4.998703956604,173399.998681569,409.999991653058,4202.91023659706,4123.9306640625,4.998703956604,4079,3939,9
Queens,park-cemetery-etc-Queens,36081091602,0,20504,74716,83089,-999,,1,0,,,2617.977684,15500.00075,0.950959916,345461.2655,2.6492366,-999,-999,79.9752221577136,61.5753351835812,15.493413530814,37.7334203747282,32.8851521611214,4.84152984619141,41553.0003281968,148.00000360052,24.9502360843326,14.9372756748926,6.00129601114895,173399.993863993,408.005182745187,23.0896861985093,23.0692092180252,.00129601114895195,0,0,0
Bronx,Schuylerville-Throgs Neck-Edgewater Park,36005016000,0,21227,41646,45828,73325,4,9,13,17,32,10741.75808,25207.37432,126.1904799,186000,741,1542,443000,3694.00007837446,3677.00007801378,11,3703.00007856541,3494,21,49515.0010505445,267.000005664857,3436.00007290056,3146.00006674771,24,186700.003961156,598.000012687582,5196,4486,25,3767,2536,78
Bronx,Pelham Bay-Country Club-City Island,36005027402,0,21397,40298,49712,67206,,11,0,,24,11813.00904,27670.58748,134.6411465,241999.9928,796.0000042,1108,562000,3325.9259934256,3314.54338073006,4.40617275238037,3128.38258599979,3033.28271484375,4.03899145126343,60651.9991501646,265.999998271654,2821.05204322023,2696.210484624,4.03899145126343,210000.000036767,544.999993203838,3117.00004124641,2805.63061523438,7.71080207824707,3386,2761,40
Brooklyn,Flatbush,36047050803,0,10034,24326,25435,47183,,12,0,,22,7951.691078,26249.99946,97.02796696,153599.9985,634.9999975,905,588600,2060.19817190152,1970.29785681702,51.31201171875,2608.98640621081,263.651977539063,1549.78967285156,49999.9991814266,225.999994019043,2999.24972296972,82.5998254604638,2092.52880859375,168800.00295332,455.000009464052,2896.00005751848,53.8150405883789,2095.65771484375,2464,258,1742
Brooklyn,Flatbush,36047050804,0,10034,24326,25435,40188,,12,0,,21,7951.691002,26249.99999,97.02796888,153600.0048,635.0000213,860,313200,4727.92739340058,4521.61609375943,117.755401611328,5987.33581417985,605.052185058594,3556.59619140625,50000.0005134232,226.000010537327,6882.94704765687,189.557481804863,4802.123046875,168799.991768875,454.999991355851,6645.99994325638,123.499565124512,4809.302734375,6250,440,3433
Brooklyn,Homecrest,36047039400,0,13798,32105,27452,48510,7,9,18,9,25,9763.888889,28188.40576,96.36363956,373300,747,877,867100,2825,2784,2,2512,2379,0,53571,203,2225,2022,2,244600,442,2526,2205,16,2441,2120,12
Brooklyn,Homecrest,36047041402,0,14018,25238,36850,41188,11,14,13,23,38,9653.845506,53296.70213,86.52941267,770800,627,1053,1000001,1961.99995614588,1950.99995639175,6,1703.99996191263,1632,3,111169.997515157,202.999995462596,1580.9999646619,1506.99996631593,3,500000.988824107,409.999990835786,1918,1768,0,1612,1466,16
Brooklyn,Homecrest,36047041600,0,14459,27500,41542,41776,6,12,12,24,23,10287.1288,27109.37463,96.6233724,316000,699,978,784700,2781.99993781745,2764.99993819743,3,2301.99994854629,2169,8,58570.9986908361,214.999995194376,2111.99995279312,1857.99995847046,6,229199.994876981,480.999989248812,2483,2221,9,2324,2063,32
Brooklyn,Rugby-Remsen Village,36047093400,0,17394,36827,33142,66250,,11,17,14,26,10094.11696,22817.79779,115.9523827,188700,695,976,434000,2202.29293240583,2160.53870132406,27.1888008117676,2074.00000820914,705,1141,42600.000168616,223.000000882661,2299.00000909972,185.000000732252,2007,158500.000627362,547.000002165092,2402,71,2225,2401,28,2252
Brooklyn,Rugby-Remsen Village,36047093600,0,17466,45052,47688,55917,10,12,19,19,27,10714.28616,23242.18662,105.8974394,203900,697,917,449400,1533.99997714162,1474.99997802079,45,1764.99997369945,150,1424,47307.9992950559,232.999996528029,1889.99997183681,23.9999996423721,1731,178499.997340143,495.999992609024,1876,14,1780,1628,6,1502
Brooklyn,Rugby-Remsen Village,36047094600,0,20127,43083,43976,56840,11,15,20,25,21,9630.218943,26356.50353,124.5199981,195348.3412,679.0894569,817,450300,1715.00000593765,1638.00000597863,67,1816.00000683125,178,1455,52883.6224230872,254.111111662683,1867.00000367127,59.9999997210689,1688,181474.783136368,534.167272399816,2090,45,1942,1830,42,1643
Queens,Hollis,36081048200,0,20917,51050,49773,92692,22,32,33,29,29,10529.41181,31060.60577,102.7906901,302000,723,1129,604500,1157.99999784306,1096.99999795668,25,1197.99999776855,518,333,63455.999881804,222.99999958463,1302.99999757297,263.999999508262,505,229899.999571778,460.999999141321,1608,136,777,1452,83,569
Brooklyn,Stuyvesant Heights,36047028502,0,7788,9642,11859,16161,,0,2,5,5,5254.310741,,79.96710152,350000,214,367,-999,4323.97640693258,1248.16824626421,3007.17358398438,3581.99989324808,33,2547,,132.999996036291,3329.99990075827,8.9999997317791,2195,,192.999994248152,2921,11,1639,2802,11,1413
Brooklyn,DUMBO-Vinegar Hill-Downtown Brooklyn-Boerum Hill,36047001300,0,20873,46957,58828,92599,37,44,58,54,52,9922.619129,,183.2326389,104200,1078,1319,366500,2571.99998532841,1884.9999892473,605,1608.9999908217,894,477,21249.9998787825,334.999998089042,1662.99999051366,1110.99999366247,251,162499.999073043,651.999996280763,2533,1323,638,2275,1344,355
Queens,Astoria,36081006100,0,11882,27029,31010,52234,4,10,26,33,40,6888.235369,28888.88852,77.24565831,281000,720,1147,594900,6242.99995348603,6154.99995414168,7,6015.99995517731,4709,24,55999.9995827675,183.999998629093,5676.99995770305,3652.99997278303,35,236399.998238683,483.999996393919,6749,3360,89,5644,3023,110
Queens,Astoria,36081006300,0,11928,27913,32730,47817,5,9,24,28,51,7503.086247,26875,78.72062698,316700,759,1230,823200,6292.9999531135,6225.99995361269,11,6288.9999531433,4641,17,53586.9996007457,188.99999859184,5922.99995587021,3913.99997083843,45,243799.998183548,513.999996170402,7029,3382,116,5949,3359,121
Queens,Oakland Gardens,36081138501,0,30310,54456,59526,78611,,30,0,,47,17801.93066,42390.10918,226.1363753,371199.9875,1164.000039,1643,756100,4999.54859422566,4928.29380168789,7.80874443054199,4354.35108919186,3886.80249023438,5.85655832290649,86758.0008890403,390.999979303561,4361.18374053109,2846.28732931707,27.3306045532227,317900.005854924,927.999987302322,4532.00004887581,1945.353515625,28.306697845459,4743,1336,55
Manhattan,Washington Heights South,36061024301,0,9418,16956,24219,29344,6,9,11,14,19,5373.711524,13750,74.56521447,411500,554,773,1000001,3732.00002085418,275.000001536682,3427,3329.00001860224,125,2760,37500.0002095476,167.000000933185,3720.00002078712,84.0000004693866,2343,155000.00086613,335.000001871958,4296,109,1862,3946,307,1300
Brooklyn,Georgetown-Marine Park-Bergen Beach-Mill Basin,36047069601,0,20374,37424,48492,68529,,16,0,,32,12369.4582,27316.17591,186.7924477,270699.9998,819.0000399,1333,496700,2195.72600843268,2180.96128022997,6.74958992004395,2718.8192361861,2653.8544921875,.843698740005493,59061.9989998706,305.000013028043,2766.48821581202,2607.45100059989,5.48404169082642,233899.994559524,664.00002038053,3343.99995601177,2886.29345703125,134.569946289063,3780,1805,1392
Brooklyn,Flatlands,36047072000,0,18879,35852,34712,69185,0,10,28,15,22,11145.16185,,172.343739,287400,889,1215,622100,1406.00004844926,1405.0000484148,0,1405.0000484148,1360,0,57500.0019813888,296.000010199845,1210.00004169531,1156.00003983453,1,216700.007467251,636.000021915883,1643,481,988,2167,161,1789
Brooklyn,Flatlands,36047072200,0,20186,49375,46389,81919,8,13,24,22,28,12281.24964,28870.96737,135,201200,699,981,459100,2537.99999645446,2525.99999647122,2,2290.99999679951,1769,376,52739.9999263231,246.999999654945,2584.9999963888,535.999999251217,1846,191799.999732059,585.999999181367,2853,191,2502,2655,78,2337
Manhattan,Hamilton Heights,36061022700,0,7567,20121,23661,36250,4,11,17,21,43,4636.989434,37500,79.21665929,371179.8165,489.7272727,876,1000001,5837.00003464986,217.000001290813,5574,5062.00002902374,76,4751,55124.8996790443,155.683609526322,4678.00002736785,104.000000658445,3866,323694.422378148,310.967463831743,5195,218,3530,4864,672,2575
Manhattan,Central Harlem North-Polo Grounds,36061025900,0,4462,7856,15121,51536,1,3,8,4,35,4383.019094,,59.93805836,381944.4444,425.8535032,782,581300,4300.99993943423,41.9999992131488,4230,1867.99997424847,23,1753,,141.44839243793,1805.99998775963,37.9999992478406,1634,0,249.643195992948,1932,25,1458,3496,424,1706
Queens,Springfield Gardens North,36081033000,0,20609,42538,48706,70019,5,12,15,20,15,9967.59307,21169.22963,127.1153862,172700,808,962,424700,5595.99997394159,568.999997350387,4970,5004.99997669365,114,4685,40216.999812725,231.999998919666,5111.9999761954,44.9999997904524,4828,142899.99933457,575.999997317791,6083,31,5721,6170,42,5589
Queens,South Ozone Park,36081083800,0,20438,40485,52179,62526,5,7,10,17,22,10633.33333,22642.54377,127.2272717,210400,807,1226,542500,4029.00000773912,4018.00000771799,6,3651.00000701303,3247,33,43694.0000839297,235.0000004514,3772.00000724546,2372.00000455626,250,168900.000324432,572.000001098728,4764,1329,687,4970,750,961
Manhattan,East Harlem South,36061017401,0,9099,18979,24861,25809,8,13,16,19,18,5194.029897,,69.35361655,195000,454,630,583300,5331,3196,1851,4770,232,2191,46000,160,5474,449,2300,137500,341,5821,456,2334,5248,599,1991
Manhattan,East Harlem South,36061017402,0,10222,18750,26175,25938,1,6,16,16,28,5164.893608,,62.27810889,0,696,844,-999,2581.99994409131,1396.99996975041,1062,1891.99995903205,12,1299,44999.9990256038,253.999994500075,2634.99994294369,100.999997813022,1355,0,455.999990126118,2173,21,1153,2093,226,972
Manhattan,Central Harlem South,36061018600,0,5856,11466,14008,18189,1,5,6,11,16,4555.743269,,75.82126071,118400,290,507,-999,7063.9998947382,1177.99998244643,5735,5816.99991331995,68,4746,,133.999998003244,6315.99990588427,65.9999990165234,5082,0,241.999996393919,5736,166,3949,5701,337,3234
Bronx,Claremont-Bathgate,36005038500,0,5017,12354,14679,20981,2,2,5,5,8,4681.102717,15250,73.60638436,158300,497,754,518600,7447.0000299096,4840.00001943903,2473,3355.00001347478,164,866,20500.0000823347,173.000000694825,4010.00001610548,127.000000510074,1011,105700.000424526,349.000001401699,4071,94,1047,4758,92,1448
Bronx,Bedford Park-Fordham North,36005023702,0,6223,11795,16111,19490,4,4,0,5,10,6293.478061,,79.63768222,,570,733,1000001,1048.99997655302,934.999979101121,86,1334.99997016042,150,298,34999.999217689,192.999995686114,1339.99997004867,65.999998524785,181,14998.9996647462,373.999991640449,1212,37,267,1241,28,248
Bronx,Kingsbridge Heights,36005025300,0,7290,15800,20956,22324,6,6,6,7,12,8214.952874,18750,83.84830927,136300,559,775,439200,5242.99997070245,5014.9999719765,157,5734.99996795319,859,1585,32499.9998183921,194.999998910353,6424.99996409751,285.99999840185,1489,131299.999266304,381.999997865409,6402,135,1373,6332,93,1136
Bronx,Norwood,36005042901,0,11031,25470,27176,27324,,9,0,,13,8308.009417,26566.34516,85.09778273,212872.6999,632.9320119,893,311100,2787.00137478579,2782.49470807984,4.43428573012352,2664.0884489743,2034.72027397156,72.1227211952209,38832.3294692895,190.918100441928,3082.31593392324,1529.90749061946,232.570340156555,146069.449527439,404.050881692721,3269.00000154879,579.790476322174,485.223402023315,3420,315,544
Manhattan,Central Harlem North-Polo Grounds,36061021500,0,6803,12685,18134,26750,1,2,9,7,23,3350.718216,,61.91342132,777778.5556,502.4703277,714,272700,3054.00001574403,37.0000002598894,3007,2838.00005039306,9,2770,64999.998590753,179.017355339497,2890.00007715821,14.0000003874302,2705,0,332.660098871522,2925,26,2558,3068,148,2184
Manhattan,Manhattanville,36061021703,0,6933,14390,24118,-999,,5,0,,,4695.652521,,63.2035929,0,484.0000102,-999,-999,1.06576128961751,.240886354527902,.787705540657043,.468906375579536,.00357398157939315,.342387437820435,,138.000002288526,.897784158121794,.0114367408677936,.571122229099274,0,244.999999707082,1.0000000296277,.0207290928810835,.44460329413414,6,3,3
Manhattan,Murray Hill-Kips Bay,36061008000,0,22623,50982,68868,114706,40,52,62,72,84,9626.943362,64318.18132,200.2546691,289300,1228,1848,633700,5256.00001024897,5136.00001001498,55,5541.00001080471,5008,73,214286.000417848,399.000000778033,5289.00001031332,4675.00000911605,97,500001.00097498,704.000001372769,5392,4495,78,5377,4258,105
Queens,Jamaica Estates-Holliswood,36081046400,0,23010,42278,60069,66281,,39,0,,67,17913.06154,53163.30792,140.2015238,382293.3541,802.634437,1119,466700,972.899716408225,939.553358351346,14.1013737097383,971.781448157271,746.261879920959,57.0559700727463,96043.0141933662,275.885711169885,1217.94935518689,598.305194716901,213.681098222733,337472.844166244,620.789908109239,1372.00000058673,433.441393852234,385.931362390518,1643,431,449
Queens,Jamaica Estates-Holliswood,36081127700,0,38689,65009,85335,93106,31,47,56,65,59,22013.84053,46785.38502,117.9166667,373288.0104,1535,1246,885600,3737.00002559833,3630.00002482533,16,3551.00002428703,3185,46,96920.3159907716,383.617023932648,3498.00002384931,2916.00001992844,52,340315.899295921,980.05661026645,3656,2667,151,3633,2730,130
Brooklyn,Bedford,36047024300,5250,6425,13750,23358,26778,2,6,4,12,28,5250,11875,82.31182639,202600,486,847,646800,4724,203,4397,3113,21,2955,33750,165,3693,23,3247,103600,294,3954,19,3372,3786,598,2490
Queens,Queensbridge-Ravenswood-Long Island City,36081008500,0,9769,19621,34215,51413,5,7,10,15,19,7717.522659,15904.91453,69.00560087,241447.2527,659.581761,1206,558800,1353.00000035763,1302.00000046939,31,1140.00000034086,649,65,27604.1666875244,167.699422039307,993.000000167638,386.000000473112,80,154420.000174556,437.369491585887,1245,361,152,1270,345,109
Queens,Queensbridge-Ravenswood-Long Island City,36081004300,0,8967,13617,15456,16638,2,4,8,3,11,7958.333507,,96.3356151,197900,275,466,118300,3260.99996811105,2454.99997599283,777,2627.99997430108,949,845,22499.999779975,146.999998562504,2542.99997513229,527.999994836748,848,149999.998533167,291.999997144565,2571,276,1054,2437,201,1018
Brooklyn,Bedford,36047025100,0,6921,13631,21724,34821,1,3,4,6,16,4481.579134,15750,76.51751156,144400,408,744,522300,4950.00007376075,184.000002741814,4725,3168.00004720688,8,3056,30625.0004563481,166.000002473593,2698.00004020333,10.0000001490116,2552,82500.0012293458,305.000004544854,3779,15,3168,3816,197,2718
Brooklyn,Bedford,36047026500,0,8203,20239,24977,43250,1,4,10,13,20,4686.170286,12321.42857,78.32167724,189100,605,867,633600,3628,56,3555,3491,35,3348,35357,178,2959,15,2751,123400,353,3717,15,3344,3838,133,3037
Bronx,East Tremont,36005037300,0,6083,14242,22536,27724,,5,0,,9,5294.797914,16249.99933,80,168200.0089,531.0000058,822,315400,8514.33277111501,5209.41415386274,3031.421875,4367.9625095427,163.698776245117,1667.93078613281,24687.9995440905,180.000000945257,4213.24720127508,131.757552847266,1412.40100097656,108900.00221896,338.000006343642,4891.00008606911,95.8236770629883,1768.74536132813,5318,115,1768
Bronx,Belmont,36005039100,5250,8924,14222,19031,22081,3,3,6,8,13,5250,16250,65.96737112,186600,519,860,455100,7505.99986368511,6989.99987305608,358,5707.99989633821,3575,366,29999.9994551763,152.999997221399,5684.99989675591,2175.99996048212,427,165599.996992573,337.999993861653,6372,996,719,6992,900,967
Brooklyn,Carroll Gardens-Columbia Street-Red Hook,36047005100,4660,8463,32250,51767,85870,1,4,32,46,63,4660,,58.9285687,306300,854,1514,509400,3612.99999663513,3299.99999692664,79,1794.99999832828,688,42,38332.9999642996,151.999999858439,1914.99999821652,1053.99999901839,132,174999.999837019,603.999999437481,2093,1098,161,2171,1411,98
Queens,Bayside-Bayside Hills,36081109300,0,31057,53928,66600,84583,,27,0,40,37,17176.81637,42575.11585,129.5645451,387941.2766,853.5714286,2001,767100,3405.6345661196,3335.79113042459,42.895622253418,3111.87314029863,2742.5068359375,37.9155044555664,88942.8866147749,337.47521434648,3069.9079323664,2339.95666469504,40.9080505371094,329879.782261086,816.299100503885,3041,2095,55,3034,1844,32
Queens,Bayside-Bayside Hills,36081109700,0,25481,44732,66071,80500,15,24,28,38,36,11469.3879,31867.47166,136.0465046,321900,972,1176,682400,2104,2028,52,1851,1711,6,70100,312,1905,1506,21,261100,681,2048,1373,14,1887,1183,34
Manhattan,Turtle Bay-East Midtown,36061008800,0,18668,40227,61358,92403,36,48,60,73,83,9544.573245,,170.2580217,214900,1230,1767,619700,6521.99996440965,6334.99996543011,33,6395.99996509723,5569,148,45713.9997505402,348.999998095518,6928.99996218867,5580.99996954466,195,399999.997817213,773.999995776307,7345,5121,233,7026,4882,196
Manhattan,Turtle Bay-East Midtown,36061009000,0,20686,48833,80953,117614,44,56,66,76,76,10369.49095,65000,228.3546378,280000,1470,1946,733500,5019.00003272016,4752.00003097951,115,5984.00003901124,4934,194,215625.001405715,457.000002979301,7428.00004842505,5709.00003721844,229,500001.003259636,929.000006056391,7599,5461,323,7883,5408,302
Manhattan,Battery Park City-Lower Manhattan,36061001501,0,20222,30900,40158,48359,,30,44,45,51,2438.521322,,53.31960474,106500,468,693,483300,714.649461044212,467.978631634297,66.8533897399902,3955.11801417497,2845.07165145874,292.815571784973,5419.23560795152,286.784883695728,4161.99994839856,2867.99996444187,332,0,385.999995214283,4562,2832,369,5518,3314,331
Manhattan,Chinatown,36061002900,0,10523,18225,20344,30962,,11,14,12,17,4673.819719,,53.18909901,150800,434,685,501800,9194.35045914767,2238.02134529402,1092.14660644531,5876.88189143991,678.928344726563,161.184432983398,8000.00007555354,117.000006716217,7058.00006665711,694.00000655427,617,187500.001770786,262.000002474379,7422,519,792,6398,578,681
Brooklyn,Fort Greene,36047018100,4625,7427,30919,48731,75658,7,19,42,56,71,4625,21785.71402,85.90490992,433700,815,1428,597800,4999.99998137355,1850.99999310449,2994,3816.99998578057,647,2550,61052.9997725599,176.999999340624,3889.99998550862,874.999996740371,2307,273199.998982251,532.99999801442,3895,1164,2004,3936,2021,1169
Manhattan,Murray Hill-Kips Bay,36061007800,0,20686,45942,70174,92418,34,51,60,67,76,9298.07748,,179.0706015,219300,1366,1856,578200,4567.00000613081,4431.00000594824,51,4930.0000066181,4407,90,50000.0000671207,368.000000494008,5991.0000080424,5022.0000067416,126,350000.000469845,794.000001065877,7471,5644,214,8391,5736,265
Queens,South Ozone Park,36081084601,0,18397,40804,43167,82188,,6,0,18,22,10413.05478,26504.78871,132.7176333,249900,773,1092,616200,2426.35602006907,2425.35615642084,0,2163.4447116848,2050.45819366723,13.9989455358591,51779.8114113375,256.000053105912,2344.41846908015,1662.5506082105,110.999648038298,185099.699815367,578.000351694328,2817,858,339,2730,512,458
Manhattan,West Village,36061007100,0,17909,45470,75502,106176,44,58,59,74,82,7030.888222,63333.3319,154.8561016,361800,1154,1962,806500,7252.99995609326,6548.999960355,593,6038.99996344233,5447,124,121428.999264918,341.99999792967,6240.9999622195,5278.99996804306,305,500000.996973196,627.999996198341,5620,4740,149,5429,4467,116
Queens,Oakland Gardens,36081129102,0,30555,58636,69164,103792,,37,0,,60,18538.52441,42775.38262,206.644528,326574.7498,638.3490396,2001,623500,3673.80304263983,3652.93262298274,13.6542343944311,3303.74408569324,3124.73604953662,11.9808416366577,86680.1868823142,346.929994786013,3149.94711013627,2748.57450067019,26.7097520828247,304694.196417809,502.416386116882,3269.000002129,2330.8364315033,114.889333724976,3341,2178,105
Queens,Forest Hills,36081074900,0,32559,72442,95059,110750,,52,0,,69,15261.98811,42172.36578,151.0491844,483634.4346,1494.138944,2001,1000001,1798.90176669136,1731.77143623307,45.1212266683578,1898.33875522949,1706.99903869629,8.70004796981812,126002.442641276,324.318806734855,1763.68374927342,1451.50454609003,9.02731186151505,494082.243734703,835.449255373917,2111.99999635667,1542.06564331055,30.2122659683228,1453,1026,15
Queens,Forest Hills,36081076901,0,17225,32456,56460,68026,,30,0,,64,9461.602762,41723.70959,114.0293827,105183.6376,916.6228342,1178,292400,3813.2984724734,3783.94820934162,11.7632964849472,4518.47287599463,3827.62240600586,43.8188786506653,85345.0862906535,256.839732880881,3620.40005435701,2979.79344975669,78.7609004974365,361909.736676155,490.347879372313,3893.99999506772,2583.86392211914,112.632965087891,4056,2495,164
Bronx,Woodlawn-Wakefield,36005042600,0,21134,45017,50972,68026,5,10,23,24,26,10583.33333,25856.03077,131.4473736,202700,791,1310,464000,5656.00001580268,4344.000012137,1259,5609.00001567137,1103,3731,54793.0001530899,269.000000751577,5080.00001419336,454.000001268461,4000,171300.000478607,594.000001659617,6470,173,5644,6387,135,5403
Brooklyn,Canarsie,36047103400,0,12530,13909,15524,27284,,4,0,,10,10776.8597,,112.0145824,225000.0019,342.0000119,509,-999,5506.5605002013,4648.99758359289,824.010375976563,4192.09121950809,2870.71411132813,899.010131835938,31250.0010989859,186.999993798466,3707.55336904235,2064.46676817583,1053.94384765625,162499.996990343,337.999995807262,3898.99993282557,731.247497558594,2267.75537109375,3918,313,2643
Brooklyn,Georgetown-Marine Park-Bergen Beach-Mill Basin,36047069602,0,20374,37424,48492,85313,,16,0,,36,12369.4585,27316.17711,186.7924502,270700.0002,818.9999709,1386,575500,3009.27400020199,2989.03872834664,9.25041007995605,3726.18077450563,3637.1455078125,1.15630125999451,59061.9978457627,304.999991369202,3791.51179506717,3573.54900965389,7.51595830917358,233899.994142188,663.999987034535,4583.00004398823,3955.70654296875,184.430053710938,5995,4018,1090
Bronx,Hunts Point,36005009300,0,8994,13805,18371,31000,,3,4,4,7,5686.77687,25166.00346,83.77760424,159557.3864,465.0650407,750,433600,7478.85529691269,4452.06512550211,2723.79022598267,4719.99991497811,183,1023,38579.2342804199,162.186008974016,4308.99992285919,126.999997764244,568,58761.1455910388,303.363798746853,5531,91,1363,6356,113,1730
Bronx,Hunts Point,36005011700,0,10484,11423,16606,11250,,8,3,3,5,5987.570422,29999.99986,83.82461062,128583.3333,533.1149425,798,-999,1719.14460504055,486.934814622626,1135.20977437496,1299.0000135731,35,480,45000.0005867332,186.720814177833,1360.00001423806,9.00000011734664,424,14499.0335223792,345.86321134433,1695,12,562,1585,12,453
Queens,Springfield Gardens North,36081033402,0,14468,30103,39792,45596,10,11,14,20,19,8724.755677,21666.66709,110.9929056,130800,568,845,147900,17786.9997183876,12955.9997948743,4687,14133.9997762237,1517,12028,38392.9993921435,208.999996691011,13184.9997912487,565.999991038814,12121,143599.997726455,487.999992273748,13194,210,12435,12575,94,11820
Queens,Whitestone,36081094500,0,25554,51936,62874,74420,,13,0,,35,13179.2108,38600.9773,113.9819577,316141.3006,857.8790086,1479,766800,3389.8783154563,3370.66524749512,4.10130372364074,3660.27267993544,3396.52490711212,3.04975683987141,85703.9928360032,256.899013488312,3814.93622198837,3115.61917699042,45.098727690056,308113.628785205,708.281111085404,4209.00000007264,2901.22470474243,60.0236530881375,3971,2253,53
Brooklyn,Williamsburg,36047054500,0,7888,10959,13657,21707,,4,0,,7,6273.352257,,90.8423689,196714.9537,304.1088127,368,623700,3971.69035439996,3565.93790833397,351.490303039551,6833.36483182252,4319.37750244141,457.074592590332,,149.06203844405,7631.2656118954,5198.88511397562,307.651378631592,25359.7278955992,231.200237167202,8256.99998569489,4805.1923828125,401.74949836731,8008,5339,625
Brooklyn,Carroll Gardens-Columbia Street-Red Hook,36047005900,0,5960,14938,21674,53826,,3,0,12,42,3464.112709,7501.227153,67.43789369,253800,476,1141,496400,2287.57178341353,1712.29886427823,533.196387290955,1372.40063115794,289.991553962231,217.8618404679,16671.9138537103,158.003150648538,1198.08579865068,209.057913550245,220.997190259397,130401.250709536,398.997718234794,1099,206,211,1384,646,235
Manhattan,Manhattanville,36061021303,0,6812,11731,24921,40512,,6,0,,29,4835.221939,,66.86185905,8666.625963,500.8533219,811,193800,5880.93417115137,466.759108014405,5327.21228027344,4034.53104772791,22.9964261054993,3666.65759277344,,141.327252883309,4985.1021585837,78.9885623566806,3834.42889404297,0,263.337676310633,5941.0000243187,136.979270935059,3582.55541992188,5619,606,2708
Brooklyn,Canarsie,36047099800,0,21841,45662,52614,53208,9,20,27,28,35,12129.4961,40579.26996,177.7667962,279300,843,1180,556600,3686.99997252971,3668.99997266382,2,3206.99997610599,3140,0,64073.9995226115,311.999997675419,3112.99997680634,2946.99997804314,22,225499.998319894,628.999995313585,3736,724,2679,3784,259,3265
Brooklyn,DUMBO-Vinegar Hill-Downtown Brooklyn-Boerum Hill,36047003700,0,12981,22000,36667,75260,,13,0,40,44,6237.500127,,83.97058759,,698,1038,-999,537.144545901629,370.341803366558,132.052169799805,286.940432099022,67.5153961181641,80.4227523803711,,164.999993610681,268.000010046177,67.0000025115442,48,350000.013120007,420.000015744008,357,92,99,390,165,82
Brooklyn,DUMBO-Vinegar Hill-Downtown Brooklyn-Boerum Hill,36047003900,0,11490,23697,38686,55972,,26,31,41,57,4071.208418,37250,86.33402626,478000,636,1250,768400,2425.85547476968,1806.65821038593,488.947836101055,1889.05957673375,575.484607934952,472.577253580093,74999.9997206032,164.999999381051,2244.99999163672,704.99999737367,737,337499.998742715,378.999998588115,2119,824,515,2229,1138,388
Brooklyn,Bath Beach,36047017400,0,18738,27307,50250,51080,,8,0,21,22,9756.53668,29251.46612,99.39768342,242800,777,900,609900,2118.62606562953,2077.83342690145,18.707288980484,1959.20547469552,1876.99827575684,3.47558331489563,61605.2815393353,214.320937031679,1785.62635606061,1575.41327044805,8.12802505493164,208624.066378573,496.840967395443,1751,1325,11,1793,1134,8
Brooklyn,Bath Beach,36047017600,0,14464,27099,37633,36875,,7,0,14,19,9724.490262,28000.00006,128.1474657,221800,615,857,509700,1981.37392051984,1937.16655950869,28.2927112579346,1840.79451250438,1740.00170898438,26.5244159698486,56749.9977813996,219.000001989645,1691.37363228669,1361.58671914349,23.8719749450684,214699.999628778,428.99998919292,2239,1517,18,2295,1221,27
Manhattan,SoHo-TriBeCa-Civic Center-Little Italy,36061004300,4100,10146,21496,45409,65824,5,25,33,49,71,4100,,54.84276593,542300,741,1371,1000001,5104.00003505684,4039.00002774189,438,4230.00002905377,2080,59,96667.0006639577,144.000000989065,5073.00003484392,2479.00001702702,94,375000.002575689,361.00000247953,4884,2538,75,4270,2490,97
Manhattan,East Village,36061003800,0,9621,24663,40886,53413,16,35,48,58,65,5376.24985,,64.32486795,372700,831,1333,624200,10456.0000535585,9208.0000471659,644,8665.00004438451,6052,382,8333.00004268391,164.000000840053,8395.00004300149,5858.00003000628,430,400000.00204891,395.000002023298,9162,6045,386,9237,6292,434
Manhattan,West Village,36061005502,0,14657,46957,83497,111814,11,57,62,73,85,4833.333333,,75,992300,1546,2001,1000001,732.999998293351,532.999998759013,169,1686.99999607215,1148,140,112499.999738066,264.999999382999,2111.99999508262,1613.99999624211,169,87499.9997962732,915.999997867271,2187,1663,119,2257,1684,124
Manhattan,West Village,36061005700,0,31953,56606,97765,119643,34,59,72,83,87,22378.37971,,313.3962418,488800,2001,2001,1000001,1472.00004386902,1453.00004330277,8,2281.0000679791,2154,37,80000.0023841858,514.000015318394,2428.00007236004,2274.00006777048,29,0,1001.00002983212,2535,2216,44,2781,2326,45
Manhattan,Chinatown,36061003601,0,7790,18372,19271,38298,2,11,12,21,38,4202.127251,,59.05579382,141800,373,744,412500,3610.00010863703,2805.00008441188,616,2544.00007655751,517,324,37500.001128501,154.000004634378,3752.00011291029,696.000020944979,585,500001.01504671,286.000008606701,3280,617,326,3393,971,326
Manhattan,East Village,36061003602,0,9694,25990,45000,60089,14,15,37,46,50,2947.368293,,60.03144977,268500,746,1452,1000001,3436.99997439235,2659.99998018146,597,3436.99997439235,1477,947,7499.99994412065,164.999998770654,2457.99998168647,1365.99998982251,374,499999.99627471,458.999996580184,2372,1363,371,3151,1817,319
Manhattan,Turtle Bay-East Midtown,36061008602,0,38353,75644,110330,-999,,57,0,,,14746.47412,65000.00289,260.0482165,493699.9971,1939.999945,-999,-999,44.1173911483528,39.3583213861577,3.98335300385952,39.2935709708048,36.4193271398544,.298045358154923,200232.02908256,507.944725183582,55.9770701201633,48.4301017513499,1.36946964263916,500001.000845877,1000.99995004293,54.0866066431627,42.8256950378418,1.06431603431702,0,0,0
Queens,Bayside-Bayside Hills,36081139900,0,24653,54681,71869,75167,,31,0,,40,15629.38881,32304.71792,171.5656945,314912.6324,1085.016098,1325,673500,1838.45144038275,1831.70623248164,1.19125565886498,1821.64894156624,1667.19750213623,1.14344173669815,70686.5218285236,336.627614909559,1662.8162898235,1274.71269102301,1.66939479112625,270473.989818684,867.85401902036,1760.00000301376,967.646564483643,10.6933017373085,1744,722,10
Queens,Bayside-Bayside Hills,36081144100,0,21832,45938,57794,62750,16,27,32,41,44,11467.21278,32173.14431,138.6478519,263100,748,1202,546900,4638.99995679595,4617.99995699152,1,3019.99997187406,2770,9,68661.9993605353,259.999997578561,2867.99997328967,2304.99997853301,12,254299.997631647,489.999995436519,2986,1858,33,2926,1367,42
Brooklyn,DUMBO-Vinegar Hill-Downtown Brooklyn-Boerum Hill,36047001500,0,6408,10559,19684,51875,,2,6,16,48,4211.871089,,66.06173142,165795.3488,280.6756757,890,569300,3800.05305443513,1127.3690435408,2582.4157409668,3188.24708996962,187.995765686035,2334.57371520996,12708.5558739891,134.864227734616,2170.99998640106,150.999998908257,1382,109999.998924322,265.21122463834,2726,218,1609,3521,989,1249
Queens,St. Albans,36081033401,0,21277,43203,50833,65038,6,10,9,15,17,8212.121503,21736.11189,131.1428465,177300,737,1302,424000,2069.99998650514,120.99999921117,1941,1862.99998785462,39,1741,39296.9997438127,223.999998539686,2266.99998522084,37.9999997522682,2109,145099.999054056,548.999996420927,2538,17,2397,3128,23,2743
Staten Island,Great Kills,36085013203,0,25009,49369,63533,86207,,15,0,20,23,12785.40787,30235.48888,149.2657399,247000,722,969,498900,4733.83395488785,4729.83198176737,1.00049328804016,5851.88519542196,5617.26953125,1.50073993206024,65098.9989314782,265.000006669468,5105.01696181237,4778.35590585319,7.00345277786255,191999.993479375,551.999987304781,5491,5046,18,5433,4783,45
Brooklyn,Crown Heights North,36047035700,0,6630,16065,19712,20777,6,6,8,6,6,6117.97779,,83.71154269,258300,440,911,296300,3084,413,2534,1224,12,1052,18750,186,2094,4,1792,275000,354,2295,8,1917,2506,28,1992
Brooklyn,Crown Heights North,36047035900,0,7112,11821,19333,30559,3,4,7,5,13,5176.744431,14375,83.91864675,174300,511,841,-999,7097.99997355789,923.999996557832,6000,3685.99998626858,20,3408,42499.9998416752,180.999999325722,3961.9999852404,19.9999999254942,3530,54999.999795109,350.999998692423,5257,36,4539,5685,89,4838
Bronx,Morrisania-Melrose,36005014100,0,6502,6956,13845,18900,,2,0,,8,4097.297949,15312.5,71.29647819,129912.1464,465.9794601,645,-999,5674.38184169121,3460.11992279999,2106.63525390625,2027.65849229321,125.341493368149,569.821300506592,27929.2451148363,156.292906205538,2614.59484003298,41.4418601859361,849.1028175354,20678.493873223,304.34430166002,2313.99999752641,45.4137086868286,834.250915527344,3437,67,1186
Bronx,Melrose South-Mott Haven North,36005007100,0,6706,8565,36316,27303,1,0,3,11,18,4510.714512,,72.59842772,104700,325,311,222900,5430.00008344185,3548.00005452149,1634,1155.00001774868,27,231,,128.000001966953,1060.00001628883,17.000000261236,193,0,279.000004287343,1885,40,560,1907,12,631
Bronx,Schuylerville-Throgs Neck-Edgewater Park,36005018400,0,17243,33177,44167,58750,5,9,12,17,15,10223.35067,23903.50732,103.7272739,209300,697,1014,463700,4259.0000039665,4242.00000395067,2,3886.00000361912,3782,2,49955.0000465242,224.000000208616,3489.00000324938,3328.00000309944,2,182500.000169966,500.000000465661,3695,3063,13,3855,2358,100
Bronx,Schuylerville-Throgs Neck-Edgewater Park,36005016400,0,19821,46477,50733,77083,7,9,13,17,21,9396.551495,24121.62041,101.7142873,210700,663,1059,448900,1311.00000976771,1299.0000096783,0,1062.00000791252,1029,0,52687.0003925487,230.000001713634,1001.00000745803,946.000007048249,0,191500.001426786,536.000003993511,1212,990,11,1141,620,32
Brooklyn,Stuyvesant Heights,36047028100,0,6651,15408,12194,20052,0,3,4,5,10,4578.014187,21250,76.4335646,206500,402,677,615500,5668.00001055747,1839.0000034254,3734,3984.00000742078,46,2762,18750.0000349246,165.000000307336,3697.0000068862,29.0000000540167,2457,97500.0001816079,299.000000556931,3579,23,2277,4193,110,2491
Bronx,Woodlawn-Wakefield,36005044901,10900,20781,40873,52500,63346,7,15,17,30,34,10900,29042.55235,125.6632692,233000,705,1182,425000,2342.99997381493,2316.99997410551,22,2151.99997594953,2048,28,58437.9993469045,247.999997228384,1910.99997864291,1810.9999797605,36,196299.997806177,449.999994970858,1973,1816,29,1818,1579,51
Bronx,Woodlawn-Wakefield,36005044902,0,18378,41615,45379,55938,9,11,19,20,36,11681.81863,25673.07707,89.7692335,233000,699,979,439100,2541.9999786932,2498.99997905362,43,2253.99998110719,2212,5,53230.9995538229,213.999998206273,2126.99998217169,2068.99998265784,7,181299.998480361,417.999996496364,1992,1884,14,1949,1632,42
Queens,Maspeth,36081051100,0,18452,36257,49524,56200,,11,0,,19,10892.06142,26318.94024,104.8941312,238041.6956,808.1508611,1215,566200,2101.84180812402,2100.76916253442,1.02452825754881,1975.40141391573,1915.98235788941,0,57530.3700781825,226.309481933941,1877.1290838604,1694.30477005,1.0493057705462,214121.217688728,556.084992261554,2045.0000000149,1677.08730697632,9.03900928795338,2097,1387,20
Manhattan,Lenox Hill-Roosevelt Island,36061023802,0,25374,44518,49976,109375,,37,0,,31,499.9999888,,,32900.00093,1157.000049,2001,-999,853.238017140655,532.099384062691,296.369964599609,5944.48108037934,3893.80590820313,1172.66845703125,22000.0000221563,459.000003591396,6995.01437475672,3776.79530710308,1667.18774414063,450000.010992573,888.000009003073,8130.95699310303,3595.72778320313,2281.28002929688,1938,826,489
Queens,South Jamaica,36081025400,0,7628,15230,22494,25966,1,2,6,11,14,4527.20725,16561.85404,87.3723037,159905.7663,380.986755,613,395800,7914.99997351831,738.999997559469,7134,5758.27258302729,100.864727675915,5434.99286556244,28736.4973120634,148.999256586481,5672.99998111511,41.9999998593703,5270,104828.954068322,319.228485585258,7015,66,6060,8207,81,6057
Manhattan,Lower East Side,36061001402,0,6411,12310,18984,35975,1,6,12,18,39,4021.276707,,55.37634326,175000,424,685,555100,2752.9999666689,2039.99997530133,210,2619.99996827915,447,118,4999.99993946403,129.999998426065,2956.99996419903,456.999994467013,121,500000.993946391,252.99999693688,3019,553,115,2782,727,180
Manhattan,Turtle Bay-East Midtown,36061008601,0,38342,75634,110298,137366,,57,0,,76,14742.65915,64998.67947,259.7973253,493698.6736,1938.973501,2001,752900,2168.53456172857,1934.84607547319,195.557470982894,1930.11186356834,1788.4863088131,14.8426642715931,200232.024529152,507.952813245568,2748.71426040516,2377.92631477537,67.3429367691278,500000.480306632,1000.85709391149,2656.00010448508,2102.67528510094,52.3860211074352,2618,1762,51
Queens,Jamaica,36081044601,0,7451,22297,29038,45292,14,11,28,12,25,6580.208524,35000,153.6895415,51800,639,868,131000,2217.00003894698,1608.00002817065,525,2151.00003774371,384,1278,27500.000486616,207.623935288789,2811.00004974101,187.000003308989,1511,162500.002875458,425.00000752043,2462,106,1094,3367,129,1211
Queens,Jamaica,36081046000,0,11825,25293,30053,27685,11,11,14,16,24,7257.861673,19687.5,136.3810725,183800,674,969,297600,3507.99995426089,2977.9999611713,352,3941.99994860217,419,1977,37499.9995110556,247.999996766448,5419.99992933124,244.999996805564,2435,167699.997813441,492.999993572012,5718,169,2014,6006,110,1230
Queens,Jamaica,36081021200,0,11832,30370,28571,36484,2,9,10,3,5,6466.666482,18269.23087,85.60606477,196700,631,915,481900,1627.00001212209,1567.00001167506,33,1788.00001332164,517,181,40278.0003000945,195.000001452863,2264.00001686811,337.000002510846,502,142500.001061708,483.00000359863,2701,169,543,2754,165,331
Queens,Jamaica,36081024000,0,10387,24208,31943,40329,9,5,6,7,11,6909.091205,23157.89381,95.9574433,190600,642,1012,378100,3483,3371,46,4025,918,719,41250,213,5377,416,1261,173200,488,5748,206,1246,5464,165,1028
Queens,Steinway,36081013700,9500,16181,33304,34545,62656,3,8,20,26,36,9500,20000,110.8163306,320700,748,1109,748800,1437.99999824225,1431.99999824958,2,1369.99999832537,1234,4,43599.9999467051,228.999999720079,1273.99999844271,1063.99999869941,1,217299.999734381,596.999999270251,1474,1054,32,1579,1126,35
Queens,Old Astoria,36081006900,0,11473,29159,35620,52549,5,8,19,22,32,7662.28084,21428.57288,87.58064288,344900,715,1340,597100,3675.00000021391,3612.00000021025,30,3656.00000021281,2609,61,39286.0000022867,210.000000012224,3870.00000022526,2322.00000013516,38,232500.000013533,549.000000031956,4537,1654,79,4611,2074,126
Queens,Old Astoria,36081007100,0,12717,26575,35909,44653,3,11,20,25,43,7048.611067,21111.11047,84.22110589,292100,783,1266,642300,4279.99999202788,4222.99999213405,2,4356.99999188446,3271,20,48332.9999099728,202.999999621883,3804.99999291264,2458.99999541976,72,285699.999467842,532.99999900721,4572,2097,130,3963,2129,119
Queens,Astoria,36081006501,0,12811,28213,37169,53235,,10,0,,53,7433.790142,24062.50104,81.56641274,297300.0059,719.9999919,1202,668700,3554.23206458241,3506.08360065334,5.34982919692993,3701.5955450926,2918.08862304688,5.83617734909058,47931.001012613,194.000001360693,3796.91977670975,2635.52046496607,25.7764511108398,215199.993819456,509.999978941509,4274.99999552965,2084.97436523438,49.6075096130371,3676,2033,83
Queens,Steinway,36081012500,0,13482,30630,44999,53226,,7,0,,43,8423.89204,24459.00562,85.79662938,281808.4464,785.7314811,1200,667700,2195.38437865907,2183.84774824611,2.26267981529236,1777.42037765257,1363.82989501953,2.50281774997711,51089.8269018586,202.944011987874,1644.6943283072,1221.66085499152,4.01690626144409,208174.745245039,549.930102342935,1888.99999752641,1002.61791992188,31.3782901763916,1662,961,44
Queens,Hammels-Arverne-Edgemere,36081097203,0,8169,16576,18450,21055,,2,0,,12,8371.508671,14051.72372,94.31000097,133999.9982,295.0000056,507,441200,5172.3544549808,3901.4607461839,1221.93041992188,8126.29453173568,771.575622558594,5982.13232421875,21818.0001150862,150.999995774924,7899.77198668763,425.066058403707,6167.76220703125,87500.0001853287,286.000008363665,5886.00025653839,410.244537353516,4381.5458984375,6865,116,4324
Manhattan,Lower East Side,36061001401,0,12957,24892,39239,93000,10,19,24,40,65,7442.528962,,101.2307674,135500,588,816,635100,4149.00003743306,4059.00003662106,51,3475.0000313521,3290,58,5152.00004648231,165.000001488661,3130.00002823945,2689.00002426066,82,162500.001466105,492.000004438916,2962,2219,110,3005,2083,103
Brooklyn,Dyker Heights,36047015200,0,17972,47076,52859,54758,,15,0,33,32,10507.23617,25823.85212,96.78149677,271403.3333,697.7837838,1277,497000,2382.00007294863,2312.00006970763,60.0000038146973,2054.00005989522,1941.00006103516,0,59224.1568053838,213.456577406886,1802.00005210191,1611.0000465177,1,208219.560980527,533.152780779307,2240,1742,18,2309,1615,35
Brooklyn,Dyker Heights,36047015000,9500,18571,36146,34358,66136,6,7,15,20,27,9500,30588.23423,105.3191451,265400,649,1096,632900,1903.99998581409,1903.99998581409,0,1678.99998749048,1656,0,66128.9995073006,223.99999833107,1421.99998940527,1392.99998962134,0,241899.998197705,518.999996133149,1564,1469,1,1574,1297,0
Manhattan,Murray Hill-Kips Bay,36061007000,0,19386,41914,67850,102391,41,53,58,73,82,10124.66089,62500,172.8843375,304600,1243,2001,942900,6249.00004655868,5841.00004351884,208,6782.00005052984,5607,237,212500.001583248,351.000002615154,7195.00005360693,5889.00004387647,237,500001.003725298,815.000006072223,7763,6022,256,8871,6341,293
Queens,Ozone Park,36081005800,0,16958,35353,46563,57157,3,7,8,11,22,9632.653042,22365.70393,114.875,189000,806,1079,463400,4281.00001096423,4272.00001094118,1,4645.00001189648,4476,4,45253.0001158991,267.000000683824,4785.00001225504,4225.0000108208,23,170900.000437698,590.000001511071,5569,3318,113,5414,2054,302
Queens,Steinway,36081009500,0,15652,31224,39828,54533,,8,0,25,49,9406.091736,31649.542,95.82454195,277700,760,1278,670700,2825.57020013405,2796.49859813366,.0247851777821779,2646.12924122257,2321.99768161774,14.0055078170262,63954.9566888351,213.94539059335,2481.17605551655,1906.66723737036,14.033046901226,219914.157360272,612.50009333891,2742,1718,52,2289,1634,35
Queens,Steinway,36081010300,8705,14333,30449,37413,48106,6,8,23,28,44,8705,28125,87.26063602,316000,711,1167,753900,5071.99998110533,4978.99998145178,14,4719.99998241663,3456,94,56976.9997877441,191.999999284744,4238.99998420849,3082.99998851493,87,281299.998952076,485.999998189509,4847,2805,102,3934,2428,117
Queens,St. Albans,36081035200,0,17366,38295,50313,66113,4,7,20,13,16,9343.75,22401.31549,133.3333298,170100,804,1128,394900,2711.99998484552,185.999998960644,2498,2264.99998734333,62,2121,42048.9997650329,237.999998670071,2321.99998702481,30.999999826774,2207,148299.999171309,558.999996876344,2519,11,2421,2414,25,2152
Staten Island,Stapleton-Rosebank,36085002700,0,13793,35592,30227,36250,,10,0,,20,8156.249896,16083.33378,79.39393416,143200.0003,720.0000079,1350,434500,1118.11842494644,913.294961261563,184.04426574707,1234.87769410014,835.125610351563,154.359710693359,37999.9997015016,189.999997242833,1127.02379293274,682.744878949597,267.161041259766,106300.003448015,533.000021349442,1787.9999794364,713.4189453125,464.068603515625,2217,606,567
Manhattan,Yorkville,36061015200,0,13680,34611,51150,69899,19,31,44,57,58,7589.403936,,85.84951456,327800,739,1341,902300,5379.00005009584,4677.00004355796,558,4935.00004596077,3642,385,,213.000001983717,6055.00005639158,4434.00004129484,373,275000.002561137,493.00000459142,6909,4222,761,7275,4064,864
Staten Island,New Dorp-Midland Beach,36085011202,0,17765,42074,53274,80164,2,6,13,15,28,9779.412214,17942.07219,90.29411707,179100,681,1106,424800,4236.99999506748,4210.99999509775,2,4496.9999947648,4081,15,43461.9999494036,207.999999757856,4888.99999430845,3999.99999534339,167,155799.999818625,490.999999428401,5605,4247,81,6428,4732,110
Staten Island,New Dorp-Midland Beach,36085012804,0,18159,37872,47779,79125,,5,0,,24,10547.87183,23092.67572,135.6516567,191118.0093,650.6907999,1229,433100,2736.52616056665,2694.13552910684,12.2118138074875,3194.58901348065,3048.28479194641,1.16828480362892,44940.4153534689,231.052940817998,3388.30098854603,3035.33011289355,4.19741101562977,155337.108788942,529.188707514021,3903.00000096555,3233.46602058411,10.3656958043575,4259,3328,67
Brooklyn,Brownsville,36047091000,0,5659,6741,7987,11034,,1,3,1,3,4733.909266,15833.33191,83.9633737,137500,194,315,-999,7310.34688366979,1320.34838185762,5924.62864685059,6351.82191145875,78.4407826662064,5512.54154968262,25511.1590961051,122.762874622134,6364.00007862452,32.0000003953464,5514,87500.0010810254,167.000002063214,5642,31,4171,5610,29,3823
Brooklyn,Cypress Hills-City Line,36047118201,9100,12500,32336,30993,54605,2,2,6,4,15,9100,17500,98.47825998,176700,704,1165,445000,1927.99997845292,1925.99997847527,0,2001.99997762591,1048,18,33749.9996228144,199.999997764826,2568.99997128919,352.999996054918,416,144899.998380616,567.999993652105,2902,164,544,3002,135,495
Brooklyn,Cypress Hills-City Line,36047118400,0,12544,27962,33109,42500,2,2,7,9,10,7912.162149,18682.43173,96.36792683,179800,705,1141,546400,3422.00001912192,3397.00001898222,12,3550.00001983717,1926,159,34226.0001912527,215.000001201406,4087.00002283789,564.000003151596,412,156600.000875071,558.000003118068,5106,284,779,5420,198,763
Queens,South Jamaica,36081041400,0,13696,30599,34540,43525,,8,8,14,16,7386.955737,19226.46152,132.3358013,176800,729,892,401100,4317.75123159982,114.422823259788,4151.64801025391,3824.35696628391,38.3443474769592,3655.74865722656,36560.0023727628,238.910997537501,3560.99997015204,23.9999997988343,3397,135799.998861738,457.999996161088,3637,25,3381,4033,31,3231
Queens,South Jamaica,36081044000,0,11845,25184,35179,51379,,4,9,10,13,5566.176372,17719.07185,123.2142853,158600,677,1168,354200,2966.24867534637,151.577172875404,2791.35205078125,2486.64295399189,18.6556510925293,2397.25122070313,31773.0002805176,221.99999825061,3517,28,3245,113000,518,3359,23,2943,3669,30,2745
Queens,Ft. Totten-Bay Terrace-Clearview,36081099701,0,24926,44215,52756,57382,11,19,19,31,31,13906.25051,32248.67722,168.3673399,122300,834,1346,374300,4046.99995477125,3995.99995534122,19,3213.99996408075,3059,4,69061.999228172,266.999997016042,2963.99996687472,2598.99997095391,3,244799.997264147,476.99999466911,2792,2273,14,2670,1942,31
Manhattan,Marble Hill-Inwood,36061030700,0,17897,39154,47994,63269,22,31,44,49,63,10889.50354,35000,116.5439102,81800,712.9073906,1148,342800,4325,4249,29,3794,2754,335,65000,235,3377,2205,345,275000,436,3587.0000000298,1798.16666667163,462.666666686535,3434,1952,319
Staten Island,Westerleigh,36085020100,0,20649,45594,62095,79291,4,7,17,22,24,11269.46145,22628.86501,116.056334,193400,705,939,460700,3498.00000651553,3454.00000643358,28,3331.00000620447,3188,20,55781.0001039002,241.000000448897,3094.00000576302,2805.00000522472,45,174200.000324473,525.000000977889,3428,2683,117,3572,2166,195
Staten Island,Charleston-Richmond Valley-Tottenville,36085024401,0,21758,47854,68073,105655,,8,0,,33,10968.99136,21046.19498,92.50000151,294000.0085,622.9999959,871,714300,1943.60970214653,1928.13225888288,5.35757637023926,2019.80634590603,1950.75317382813,2.38114500045776,55243.999843224,226.999994998356,3018.69672269068,2841.3014114381,7.73872184753418,194999.994128939,539.999988284546,5000.99978721142,4609.30126953125,25.0020217895508,5823,5232,47
Bronx,East Concourse-Concourse Village,36005006100,0,15798,27890,30469,37936,10,13,21,15,23,11004.5244,,137.7419277,17300,514,734,25100,4424.00013660942,2137.00006598877,2185,3740.00011548807,417,2926,6184.00019095675,287.00000886232,3449.00010650224,187.000005774404,2935,0,408.000012598699,4039,84,3292,3713,48,3079
Staten Island,Port Richmond,36085025100,0,24154,42335,63750,77660,,13,0,,23,12202.83694,27740.21524,129.5247931,226900.0045,710.9999958,1053,456300,3963.61492132651,3956.54105851916,.88728860928677,5512.30075357712,5278.02913987637,9.72811453230679,62893.43526328,246.005352155382,5451.50663830716,5054.1953765602,28.8544255793095,186892.535951018,535.021734531133,5775.99995589256,5118.23828125,49.6049461364746,5714,4553,133
Queens,Hunters Point-Sunnyside-West Maspeth,36081020500,0,15085,35943,41286,47734,,9,0,12,23,8313.813757,21967.70394,99.73160678,203786.7133,710.8880866,991,460800,1033.61615193625,1030.74261567579,0,931.190426687119,671.791698306799,.958880649181083,43807.6657190752,190.335696347463,1116.81714558744,602.905980248334,8.95881586521864,187801.962828275,548.451520445523,1241,377,29,1202,189,17
Queens,park-cemetery-etc-Queens,36081022900,0,0,37375,76250,-999,,,0,,,,,,316700,989,-999,-999,4.68858408927917,4.68858408927917,0,1.08198094367981,1.08198094367981,0,,,29.5741457939148,24.5249013900757,.360660314559937,229200,625,25.6068823337555,15.8690538406372,1.44264125823975,27,0,1
Staten Island,Mariner's Harbor-Arlington-Port Ivory-Graniteville,36085030301,0,23273,49012,50099,67431,,17,0,,20,11527.00127,21786.93439,160.4487085,136024.799,729.896201,1131,365600,656.355509386151,644.458566965249,7.50611717114225,2296.37789960522,2000.86511230469,19.4171314314008,59273.1031123843,260.832180053025,3800.04541714765,2867.78833047757,164.814229160547,160386.223268576,576.674684920565,4882.00000073016,2926.76159286499,467.395053267479,4929,2251,721
Bronx,Melrose South-Mott Haven North,36005006500,0,9415,11672,17457,21119,1,6,6,12,11,4209.52376,,58.39233193,226600,476,783,34400,4578.00004150343,3627.00003288181,857,3312.00003002607,718,970,25000.0002266461,171.000001550259,4326.00003921884,283.000002565634,1358,112500.001019907,355.000003218374,4655,153,1318,5337,169,1584
Staten Island,Mariner's Harbor-Arlington-Port Ivory-Graniteville,36085031902,0,12022,22489,32240,44412,,7,0,,18,8328.304972,19115.21358,98.1379639,139185.4646,376.0262486,372,361200,2046.4368094212,1711.3873594891,332.049450550228,3143.30219200442,1816.24175825715,846.032051283866,40567.3232448394,178.001732569055,3192.74816262575,1220.49999776317,1293.12087912858,138903.832466583,447.006760083044,4131.00000000396,716.306776553392,2316.34798535705,4848,459,2737
Queens,Bayside-Bayside Hills,36081147100,0,21954,41488,54432,65958,20,25,27,40,47,14266.30493,29977.77675,206.2883416,267500,975,1471,578400,2969.00000691274,2954.00000687782,2,2814.00000655185,2613,5,65549.0001526182,367.000000854488,2794.00000650529,2222.0000051735,17,232000.000540167,690.000001606531,3190,1836,31,3341,1517,32
Queens,Douglas Manor-Douglaston-Little Neck,36081150701,0,27194,56721,73229,96679,25,33,43,48,51,15652.81879,37210.74165,188.0281762,380200,1155,1098,745900,3604.00000755209,3584.00000751019,3,3198.00000670133,2979,13,79417.0001664164,354.000000741798,2895.0000060664,2478.00000519259,14,305700.000640587,700.000001466833,2970,2227,13,2930,1878,31
Brooklyn,Sunset Park East,36047012000,0,9848,17130,31797,31750,1,9,5,8,23,5630.434748,26428.57102,83.41463137,215500,678,1099,497500,668.000003421679,643.000003293622,0,900.000004610047,558,1,53000.0002714805,180.000000922009,996.000005101785,330.00000169035,6,171900.000880519,503.000002576504,1253,158,3,1268,108,4
Brooklyn,Bay Ridge,36047012600,0,14877,24337,34753,35061,,13,0,,27,7132.385533,26301.21963,79.51778696,229650.2771,703.4933569,1045,628300,2347.94044056907,2327.94744597375,1,2096.00699264975,1677.17514038086,3,56688.7159779807,191.778388843329,2116.02625662205,1363.28895933321,18.9947462081909,217048.1153547,493.698805716044,2522.00000560284,1104.53939819336,48.9982486963272,2652,1064,75
Queens,Glendale,36081063500,10200,19695,35781,49333,62530,4,9,13,20,20,10200,26986.30019,108.6792471,256000,807,1132,575100,2552.00004278123,2548.00004271418,0,2467.00004135631,2414,1,59433.0009963233,226.00000378862,2363.00003961287,2284.00003828853,0,199200.00333935,520.000008717179,2485,2267,16,2513,1907,26
Queens,Middle Village,36081062100,0,16419,33459,46008,52331,,9,0,,18,9777.554415,23401.9671,104.7766405,236399.9969,774.9999816,1197,560500,2893.43410918862,2890.45936541632,0,2675.28623255342,2597.94287109375,0,48087.1982040457,224.730488905235,2614.79977585003,2402.60138675943,.99158126115799,187671.690797718,545.876647867032,2709.00000548363,2264.771484375,2.97474384307861,2746,1880,23
Bronx,East Concourse-Concourse Village,36005017702,0,8003,11943,14931,21384,,2,0,,14,5866.923234,15535.71291,83.98041351,159800.0058,502.0000002,758,384800,5853.68067137718,2209.1211347835,3508.93509674072,3917.17294269417,352.575922727585,2333.79185009003,30032.414742529,175.882342684822,3717.73607783369,238.7677349288,2024.423828125,89600.0045415759,330.000000752415,4165.00015169382,102.598846435547,2071.98364257813,4805,53,2069
Bronx,Spuyten Duyvil-Kingsbridge,36005028900,0,12162,27998,29537,45968,,13,0,,33,8153.040787,20019.71301,79.59714133,154959.9675,595.4156262,1013,16800,4679.27958027717,4456.39279443224,195.701705615968,4191.09456310973,3086.89910686016,351.655596755445,39057.3869057988,183.542205323336,4254.77311322366,2511.55070806452,396.460122786462,154969.963403532,373.801765567191,4628.56377539499,1476.9034883976,449.409075304866,4502,1097,302
Bronx,Eastchester-Edenwald-Baychester,36005035600,0,16705,37407,48859,80571,4,10,14,15,15,8970.587654,23265.30659,129.5454525,185600,952,1113,486300,1763.99998049112,859.999990488868,888,1756.99998056854,454,1052,46634.9994842423,246.999997268314,1668.99998154177,152.999998307903,1209,162199.998206156,627.999993054662,2020,115,1496,2027,72,1512
Brooklyn,Prospect Heights,36047020700,0,10731,34962,50137,95668,12,20,46,54,67,7257.812348,28750,95.07041592,254200,814,1464,668100,5503,2047,3304,5096,856,3600,65000,204,4971,1270,2942,350000,471,4659,1458,2341,4310,2210,1298
Brooklyn,Prospect Heights,36047021500,0,10761,31229,39489,63224,13,16,26,37,54,6289.062706,21250,92.33783836,245200,689,946,474800,6343.99984638393,3205.99992236868,3074,5929.99985640869,783,4544,49999.9987892807,210.999994890764,5517.99986638501,807.999980434775,3969,187499.995459802,426.999989660457,5617,983,3696,5307,1960,2408
Manhattan,Central Harlem North-Polo Grounds,36061021200,0,11209,18913,29563,54012,10,15,18,26,43,6485.981651,,124.2236013,137500,528,831,622600,7003.00002608821,102.00000037998,6880,4549.00001694635,39,4346,12500.0000465661,227.000000845641,4290.0000159815,32.0000001192093,3977,137500.000512227,367.000001367182,4166,56,3825,4412,270,3376
Manhattan,Central Harlem North-Polo Grounds,36061022102,0,8336,19450,30185,41000,2,8,16,28,55,4146.551683,25000,68.39920766,175000,521,809,595000,3323,15,3288,2045,21,1942,30000,140,1372,32,1227,212500,282,2050,46,1711,2175,277,1464
Manhattan,Central Harlem North-Polo Grounds,36061022800,0,5995,10500,16444,32218,2,6,15,14,30,4195.488685,25000,66.30362688,318400,435,733,707900,7230,18,7195,5296,58,5094,50000,142,4569,50,4248,212500,268,4636,88,4083,5248,423,3915
Queens,Kew Gardens Hills,36081125700,0,15521,33694,52541,58333,15,18,21,31,30,8810.126744,23290.59868,143.885866,214500,768,1083,553300,2872.99998770855,1358.99999418584,1420,2991.99998719944,904,1336,47018.9997988403,251.999998921878,2764.9999881706,501.999997852312,1240,191099.999182424,487.999997912208,3162,430,1097,3203,554,561
Queens,Kew Gardens Hills,36081077908,0,17625,35736,39070,44583,,24,0,,27,9820.312909,30790.27431,154.073819,210500.0013,679.0000147,1178,446400,3469.90743868682,3079.31323271594,315.182464599609,2816.66118827183,1936.212890625,301.002471923828,63512.0012654248,273.000001794067,2812.14937401144,1734.47031067265,348.054229736328,215699.996324918,435.000010533552,3137.0000256896,1585.58044433594,355.144226074219,3755,1334,710
Brooklyn,East Williamsburg,36047050100,0,11946,20587,35000,61888,3,4,9,26,59,6972.222222,16250,63.2648406,238100,633,1371,787000,3670.00003503403,3616.00003451854,32,2879.0000274831,2395,7,28750.0002744491,147.00000140327,2759.00002633757,2113.00002017082,11,181300.0017307,347.000003312482,2646,1905,14,2786,2045,45
Brooklyn,North Side-South Side,36047051500,0,10469,18846,36107,64196,0,0,18,19,52,7617.64723,20833.33424,61.02739846,258800,552,1130,587800,1200.00002011657,1119.0000187587,59,963.000016143546,685,3,17500.0002933666,124.000002078712,841.000014098361,519.000008700415,10,150000.002514571,284.000004760921,877,522,9,1372,971,31
Brooklyn,North Side-South Side,36047054900,0,10025,16200,29722,45060,1,2,16,39,46,3511.904695,,69.3125,352300,635,1389,565200,1554.99997175997,1322.99997597327,100,1094.99998011393,98,40,12499.9997729901,174.999996821862,1189.99997838866,203.999996295199,59,187499.996594852,406.999992608558,1488,509,60,3122,2279,89
Brooklyn,Fort Greene,36047018300,0,7879,29868,41648,83105,,18,0,,80,4678.030273,17499.99923,82.86069791,364700.0004,836.9999951,1684,1000001,4003.5381954629,1784.43416712061,2094.7705078125,2506.5630441159,511.25927734375,1271.185546875,65000.0016809442,185.000001820635,2317.57614793256,497.333937324584,1176.69213867188,237500.00490699,563.000021199438,2488.65905499458,653.496826171875,1177.68676757813,2500,1343,647
Brooklyn,Fort Greene,36047021100,0,9238,17543,25908,70962,5,8,3,15,23,4268.949693,8750,79.21101839,149446.1538,519,998,392500,2523.00002126023,1294.00000976399,1024,1555.0000138022,169,626,57144.368291656,190.084446302512,2849.00002504699,126.000001067296,1690,104554.546335119,348.33333704543,1533,124,710,1210,147,554
Brooklyn,Fort Greene,36047018501,0,5248,9570,13778,22005,,1,0,,9,4389.474505,11976.94119,68.65741695,407050.1322,223.8496037,454,1000001,6746.46176283131,1890.56582494802,4700.22946739197,5066.43692172947,66.740715265274,3935.81446313858,12290.5859080491,134.162091534774,5001.42381746206,63.6660648870748,3723.30791091919,176548.042706308,195.02537267833,4816.34099277388,116.503210306168,3320.31324338913,3827,203,2323
Brooklyn,Fort Greene,36047018700,0,9882,39697,33750,59286,4,18,32,28,61,1956.521793,15000,72.90908986,176400,614,977,1000001,1242,762,426,1171,178,444,41875,189,1113,175,498,145000,504,1228,243,547,1411,545,412
Brooklyn,Georgetown-Marine Park-Bergen Beach-Mill Basin,36047070000,0,22341,48828,53229,97206,6,17,21,21,41,11802.6321,26083.33433,172.7528133,273700,817,1211,512800,1876.00000698864,1846.00000687689,3,1901.00000708178,1848,0,56804.0002116114,307.000001143664,1620.00000603497,1574.00000586361,2,235000.000875443,543.000002022833,1736,1615,25,1703,1571,24
Bronx,Longwood,36005008500,0,6144,12393,18403,25783,,4,0,,13,3815.140978,,76.17220089,219600.0028,337.9999855,812,408500,7907.46142394748,4957.1547854878,2805.38989257813,4458.4410278349,60.9650077819824,1215.30249023438,28749.9990579617,155.99999687755,5085.08136059716,63.9632875546813,1133.34948730469,125000.002778682,303.999988773503,5424.88630867004,104.939765930176,1268.27209472656,5457,95,1120
Bronx,Longwood,36005008700,0,6022,14538,19614,24808,,3,0,,7,4578.873227,,73.87085432,136451.9029,443.9386305,657,302200,14985.5384554747,8415.84513527714,6029.61012232304,3562.55888597568,26.0349901877344,942.697509348392,64871.5383282897,156.999335457538,4851.91854403727,51.0367112085223,788.650473356247,113208.149722995,296.004470550237,5206.11355325929,66.0602290146053,887.727910637856,5466,63,1099
Brooklyn,East New York,36047120000,9475,9283,23804,30556,29537,2,5,7,8,6,9475,19615.38421,99.59183333,199500,661,1060,465500,1679.99998474494,1574.99998569838,90,1942.99998235679,300,729,33437.9996963697,214.999998047715,2084.99998106738,137.999998746905,1085,141099.998718756,522.999995250953,2247,156,1167,2148,60,992
Bronx,Soundview-Castle Hill-Clason Point-Harding Park,36005008400,0,21732,42891,39911,69722,,9,9,15,22,12088.2355,25277.77889,147.8571525,207800,793,1017,440900,745.435042854498,428.208963823366,297.804077148438,1839.99999057502,91,676,49795.9997449312,258.999998673331,1774.99999090796,39.999999795109,692,168899.999134848,528.999997290317,2079,20,773,2374,44,780
Bronx,Melrose South-Mott Haven North,36005006700,0,6028,10200,17353,16745,1,1,6,2,3,5054.511359,,76.07859901,187500,319,522,460400,9194.00006850064,5451.00004061311,3402,6665.00004965812,284,2535,10000.0000745058,146.000001087785,6024.0000448823,115.000000856817,2252,81300.0006057322,230.000001713634,6491,80,1937,6984,88,1687
Bronx,Spuyten Duyvil-Kingsbridge,36005029301,0,25164,51498,62727,100776,,41,0,,73,16336.26017,50731.71053,219.1795945,96099.99883,1034.000029,1108,482600,2108.26272774809,1991.90589837808,44.0823211669922,2256.7776140655,1791.02758789063,112.61882019043,93042.9966254394,385.00000063668,1996.84819746326,1668.57080677437,115.20775604248,359099.991446569,691.999980532743,1862.99991190434,1410.97131347656,176.824478149414,1875,1396,142
Queens,Maspeth,36081053100,0,16666,26561,40193,54068,,8,9,11,14,8758.005337,19671.84758,81.01230504,209583.2661,644.8641509,1026,594600,3045.82850636071,3029.69944867679,0,2832.62565335717,2750.50079345703,0,38884.8238232263,183.864426155047,2881.00000919867,2577.00000828411,14,176411.24317498,482.859376560663,3322,2423,29,3114,1976,41
Queens,College Point,36081093900,0,17563,44280,45893,72532,,7,0,26,26,10514.45127,24079.99951,119.9999932,231500,840,1239,551200,3435.32497115668,3398.49303144854,18.9136981964111,2897.7777429838,2718.59521484375,5.97274684906006,54184.0017899607,234.000000069098,3406.45669408814,2655.881490306,19.9091567993164,211199.994814872,629.99999467976,3741,2236,28,4400,1506,68
Manhattan,Murray Hill-Kips Bay,36061006200,0,24567,43171,61910,92582,,51,0,,70,8880.224578,58132.77726,157.8889151,0,1127.76329,1931,-999,7533.76081752628,7028.57471650135,341.575878143311,4798.00202058675,3263.59008789063,666.782257080078,,513.999984639873,5774.04973705765,3885.51210053032,807.856185913086,102763.256256668,693.303986707948,5077.00000190735,2810.75805664063,779.839385986328,4437,2026,656
Brooklyn,Greenpoint,36047056300,0,8231,25793,32067,52500,,9,0,,44,5458.956309,12812.5,57.76010637,208805.5913,569.6136962,1053,722200,4062.9999330733,3915.99993553758,93,3411.9999442827,1546.80000114441,71,25863.7885061195,144.099038874537,4009.89993476309,1556.49997583218,233.700000047684,115945.069115381,360.496408128735,4439.99999773502,1788.09999847412,237.10000038147,4360,2580,172
Bronx,Spuyten Duyvil-Kingsbridge,36005028500,0,13336,27823,35634,44022,,12,0,32,39,9517.060114,28509.13141,122.4029092,157400,622,981,416700,3317.46723162073,3121.57042940277,123.543963074684,2814.3516108509,2394.26655197144,93.0288352966309,49523.3680106708,214.403575250606,2868.57185189944,2073.26880406671,250.749218940735,187076.36908828,367.239960999146,3238,1763,215,3307,1679,232
Brooklyn,DUMBO-Vinegar Hill-Downtown Brooklyn-Boerum Hill,36047004300,0,9175,32348,56429,109569,5,16,37,45,77,4546.729109,46666.66892,64.65517407,498300,897,1495,749000,4252.00003167987,3374.00002513826,735,3086.00002299249,756,620,61250.0004563481,170.000001266599,2739.00002040714,1009.00000751764,573,375000.002793968,532.000003963709,2942,1220,632,3008,1887,246
Brooklyn,Carroll Gardens-Columbia Street-Red Hook,36047004500,0,19519,54571,68182,102992,26,49,67,75,80,8169.231152,40833.33208,101.1016867,458700,957,1514,993200,4186.99998440221,3914.99998541549,148,3586.99998663738,2817,123,104166.999611948,267.999999001622,3269.9999878183,2756.99998972937,89,500000.998137351,685.999997444451,3444,2808,74,3325,2765,91
Staten Island,park-cemetery-etc-Staten Island,36085015400,0,11875,,,-999,,15,,,,9222.222495,,59.99999953,0,0,-999,-999,28.2465714903211,28.2465714903211,0,72.9999978669221,72,0,28124.9991781806,139.999995909166,0,0,0,,,7,2,0,0,0,0
Staten Island,Great Kills,36085015603,0,23704,49717,62534,80459,,19,0,25,27,10090.14288,21310.08403,82.54699273,208300,718,1051,450300,1503.57368160322,1491.15800251425,3.36949256062508,3346.17429712739,3120.15652987361,8.00007901558274,60493.3128638319,240.999716542456,3843.31107142999,3452.28302221256,10.0019753896631,184108.812480163,548.99905046884,4392,3950,19,4265,3725,9
Bronx,Claremont-Bathgate,36005014500,0,7145,11521,14264,20368,2,2,6,8,6,5330.188571,,77.18894491,0,323,661,541700,6564.99991440214,1957.99997447059,4266,5218.99993195198,70,3945,34999.9995436519,144.999998109415,5105.99993342534,32.999999569729,3389,107499.99859836,283.999996297061,4878,42,2687,5816,78,2778
Bronx,Claremont-Bathgate,36005014701,0,6521,8448,10775,16892,,2,0,,4,5702.651376,,87.11404559,204500.0019,269.9999976,430,-999,7988.33233562624,3041.47437349567,4617.30908203125,6515.96695597516,27.4193134307861,4899.26220703125,,139.999999826016,5958.78581968416,18.6244390960783,4098.4111328125,0,210.999994446264,5652.00010836124,43.4570274353027,2850.056640625,6461,52,3064
Brooklyn,Sunset Park West,36047008400,6008,8692,20606,30054,27846,1,3,5,15,20,6008,16136.36279,69.62025395,215600,675,989,624300,3240.99997132504,3097.99997259025,105,2646.9999765805,841,59,28541.9997474728,177.999998425134,2789.9999753153,534.999995266553,68,148799.998683482,411.999996354803,3229,368,62,3299,532,100
Brooklyn,Sunset Park East,36047008800,0,10409,22344,26582,43321,,6,0,,22,5942.622552,,69.92537209,66699.99728,619.9999769,992,276300,2633.55310633779,2588.6851645261,24.3847503662109,2451.15516897291,1097.31384277344,39.0156021118164,28749.9996930077,165.000004032792,2722.31359992176,788.115151822567,79.006591796875,158299.999547758,401.999982759723,3332.90789186955,632.052795410156,83.883544921875,3207,739,79
Manhattan,Lower East Side,36061001001,0,13083,28750,41932,77311,,17,24,38,49,7453.678028,,76.67191175,122000,592,839,541900,2844.33481718107,2535.36756449543,262.763229370117,2498.58988841146,1678.66429138184,195.093154907227,53750.0016018748,148.330354948455,1947.00005802512,1271.00003787875,154,55000.0016391277,391.000011652708,1361,1001,73,1434,1051,57
Manhattan,Lower East Side,36061001200,0,10813,18047,25865,42862,,13,21,33,44,6127.890142,,67.65490375,115400,389,712,559400,4520.65512547032,3979.91707573163,384.10090637207,4758.36094325072,2238.07465362549,400.257904052734,5733.66201561706,158.502232180849,3510.99996730126,2015.99998122454,134,67499.9993713573,312.99999708496,3466,1662,121,3397,1679,102
Manhattan,Marble Hill-Inwood,36061029500,0,11890,26846,35069,51045,9,16,25,33,47,7970.045825,,87.16164799,94700,654,965,357800,7222.00010761619,7071.00010536611,81,6674.00009945035,4429,185,,195.000002905726,6687.00009964406,3375.00005029142,380,87500.0013038516,395.000005885959,7588,2191,399,6941,2326,365
Queens,Douglas Manor-Douglaston-Little Neck,36081148300,0,32731,73244,85183,112446,40,46,49,55,63,18782.60973,46034.48568,164.7058919,512500,953,1491,965900,3170.00000977947,3131.00000965915,23,3314.00001022371,3043,17,101046.000311728,331.000001021137,3043.00000938767,2580.00000795932,20,411600.001269788,806.000002486515,3049,2225,13,2863,1857,29
Bronx,University Heights-Morris Heights,36005020501,0,9036,15155,21754,23615,,5,0,,16,7743.894608,20720.19591,95.72102739,186396.2124,457.0886995,552,480600,5470.79085305287,3705.32762212073,1641.93929576874,5264.65232281317,205.340025231242,3608.67084765434,35826.0630289485,187.990525691484,5472.23917463049,68.9449623825494,3298.42178225517,109373.965603391,356.983622426221,5724.32601193362,73.1971194222569,2760.45611023903,6996,79,2671
Brooklyn,West Brighton,36047035602,0,13136,19661,30493,38526,,14,0,,36,9137.681387,,127.3026337,17400.0004,530.0000091,832,304700,6423.95002673753,6396.38767878804,16.0246200561523,5940.64746036753,5838.08984375,11.537727355957,5614.00023209454,215.000010472658,5801.55375094805,5511.18762022443,135.247802734375,107500.004463497,356.999990490405,5233.00017857552,4879.1767578125,164.09211730957,5271,4999,73
Brooklyn,Brighton Beach,36047036200,0,7010,23199,18854,28750,5,12,14,12,23,2891.08908,15694.44462,71.97309368,203700,558,807,634500,3324.99995355029,3222.99995497521,65,3600.99994969461,2323,101,31041.9995663483,156.999997806735,3714.99994810205,1400.99998042826,186,146899.997947831,408.999994286336,5084,1568,193,4204,1501,85
Brooklyn,Brighton Beach,36047036400,0,10952,19006,19693,36359,6,15,21,26,14,7937.5,15972.22264,96.83673158,156900,661,950,589100,2496.99997093109,2456.99997139676,15,1943.99997736886,1512,28,28863.9996639788,197.999997694977,1798.99997905688,995.999988405034,54,118399.998621643,452.999994726386,2641,1040,55,2405,1241,53
Brooklyn,Park Slope-Gowanus,36047015900,0,16296,43242,67317,103173,21,54,66,75,81,6699.50757,31428.57143,99.375,268500,844,1637,734000,6060.00007901341,4121.00005373172,1687,4676.0000609681,3177,856,143182.001866881,233.000003037974,4901.00006390177,3590.00004680827,667,500001.006519271,587.000007653609,5091,3574,680,5036,3845,441
Manhattan,Central Harlem South,36061022200,0,4504,11913,16744,31087,4,1,7,17,37,3764.248794,,67.07253911,450000,347,666,847200,3387.00002681231,32.0000002533197,3335,1921.0000152071,15,1848,32500.0002572779,134.000001060776,1940.00001535751,17.0000001345761,1767,112500.000890577,233.000001844484,2412,68,1975,2644,424,1611
Manhattan,Central Harlem North-Polo Grounds,36061022400,0,6057,12121,15900,18253,1,3,4,9,15,4496.598491,20000,75.87786105,363200,356,521,350000,9241.00020655245,338.000007554889,8861,6963.00015563518,18,6682,10000.0002235174,131.000002928078,5872.00013124943,23.0000005140901,5356,156300.003493577,244.000005453825,6211,58,4791,6427,283,4071
Queens,Forest Hills,36081075702,0,20817,39992,56267,73514,,36,0,,54,11838.69561,54702.4716,176.2384126,142100.0028,847.0000311,1126,355100,4489.44313494262,4420.68918303979,19.3712780550122,3983.31564435649,3609.9789352417,28.5468119680882,111265.975505991,316.230960362812,3718.86563604425,3065.06015081104,55.0766789615154,437459.794973481,553.014020778363,4334.99991372228,2951.84814453125,90.6036682128906,4481,2824,118
Staten Island,Stapleton-Rosebank,36085000600,0,17999,26072,41233,43712,,21,0,,42,10853.30616,25150.67911,126.5717286,169660.9117,380.6699504,635,386100,1464.30425053213,1432.17021412605,21.8320191204548,1356.22097129487,1218.97507292032,24.092366270721,50364.0502307625,239.007799509681,1599.36656560484,1346.22496958898,81.5456175804138,190009.256512218,241.553594756536,2533.99999803305,1825.38709640503,144.096774101257,2408,1531,179
Queens,South Ozone Park,36081015801,0,17889,35125,42329,47139,,7,0,,8,8223.926556,20907.53421,104.5061689,192399.9918,632.9999914,1089,393000,2983.09540084563,2369.58838563412,573.046325683594,3060.49843645655,757.318359375,989.967224121094,37740.9993601857,220.99999868123,3320.4143117182,341.277020648122,1301.7783203125,157000.004150962,568.999984402377,3853.0000204742,168.879348754883,1293.86218261719,3737,82,1507
Queens,Jamaica,36081020800,0,11755,39112,39894,46667,,4,0,,15,6707.150087,19299.3217,107.3703468,204089.3224,655.4467649,949,479600,2980.56057268847,1718.08720745612,1234.95611572266,2395.06750025702,703.273616671562,1107.93440818787,34166.9999204488,217.738076909356,2398.96038683155,540.802071515317,980.131764411926,149372.329077326,526.567386819209,2549.78923401237,337.505424678326,910.951765537262,2539,255,701
Queens,Jamaica,36081024600,0,10833,5360,2499,-999,,15,0,,,3382.353015,17916.66643,87.99999811,187500,,-999,-999,33.1951666772366,8.67715603113174,24.5180110931396,3.7331950366497,.807177305221558,2.92601776123047,,99.9999967180752,11.905865252018,1.9170460999012,5.95293283462524,112500,325,1.21076595783234,.100897163152695,.706280112266541,0,0,0
Queens,Steinway,36081010500,0,15000,21943,23125,33211,6,7,14,18,20,8944.44453,24239.1299,132.3706486,243000,670,954,622200,5503.00004100055,4783.00003563613,488,3818.00002844632,1608,449,50385.0003753975,232.000001728535,4742.00003533065,2214.00001649559,381,198200.001476705,489.000003643334,4705,1563,327,4244,1728,303
Queens,Steinway,36081010701,0,0,,,-999,,,,,,,,,,,-999,-999,0,0,0,0,0,0,,,0,0,0,,,0,0,0,0,0,0
Queens,Hunters Point-Sunnyside-West Maspeth,36081018900,0,16163,30112,38000,54420,11,13,12,25,33,9494.623862,24038.46032,118.3146039,227300,661,1044,614600,3631.99999704026,3440.9999971959,47,3275.99999733036,1855,155,53332.9999565386,228.999999813386,3029.99999753083,1319.99999892432,165,199999.999837019,447.999999634922,3594,985,163,3492,887,144
Queens,Woodside,36081024900,0,16427,29046,36526,62186,12,21,20,30,35,7761.193742,23020.83333,112.2058817,215100,754,1180,377800,4239.99997630715,3931.99997802824,24,4195.99997655302,2537,35,49614.9997227546,238.999998664483,4133.99997689947,2061.99998847768,54,189099.998943321,522.99999707751,5095,1742,71,5546,1406,112
Queens,Queensbridge-Ravenswood-Long Island City,36081003300,0,12567,30432,35475,55625,3,6,15,22,32,7921.944444,23855.82044,84.45990283,228837.6923,677.4136126,1212,467500,1823.00001328567,1706.00001231371,12,2066.0000141284,819,28,51258.9934171452,196.757675100995,1847.00000788737,455.000003906782,109,181300.001586334,474.792455171063,2283,396,59,2474,565,68
Queens,park-cemetery-etc-Queens,36081038301,0,18101,54495,51766,-999,,37,0,,,11951.1403,37163.46273,164.4622184,112900.0041,849.0000098,-999,-999,.0380102053628606,.0358751162220051,.00115744303911924,.0449306939832728,.0365048656240106,.00171930866781622,67796.182396899,282.999995807152,.157760226876143,.0598676480967875,.075545244384557,220451.929847624,602.839232997799,1.00000001024455,.388108611106873,.170411989092827,0,0,0
Queens,Jamaica,36081046200,0,13366,32071,36840,40202,13,19,12,13,17,8927.631579,23132.91247,149.0673554,208600,736,1080,427500,4304.00002004206,4052.0000188686,72,4889.00002276618,1385,1073,43881.0002043368,255.000001187436,6235.00002903398,734.000003417954,1971,169300.000788365,516.000002402812,6576,398,2070,7296,305,1753
Staten Island,Great Kills,36085014605,0,26420,51752,63222,90368,,14,0,25,37,12715.9087,29605.97703,142.9411839,242300,718,1067,523100,1295.15894088365,1290.63163079183,.6965092420578,1547.29528753591,1516.30065917969,1.04476392269135,64713.9980814269,277.000007901395,2896.30544149814,2703.75700907869,3.02960824966431,193300.003069404,603.00002121863,3927,3642,12,3836,3383,24
Manhattan,Murray Hill-Kips Bay,36061007200,0,18591,46613,75097,81778,31,43,60,78,80,8975.308634,,164.9147744,245600,1717,2001,670800,5489.99997954816,5297.99998026341,98,5033.99998124689,4499,103,49999.9998137355,371.999998614192,7434.99997230247,6331.99997641146,234,449999.998323619,986.999996323138,8111,6713,126,8664,6751,140
Manhattan,Midtown-Midtown South,36061007400,0,16338,35800,76804,124340,28,42,46,77,88,6352.173647,,163.0697092,260900,1393,1831,774100,3221.00001199916,2999.00001117215,157,3555.00001324341,3062,164,27500.0001024455,341.000001270324,3367.00001254305,2798.00001042336,199,200000.000745058,657.000002447516,3712,2881,258,4319,3140,129
Queens,Flushing,36081088901,0,16550,24689,34107,49030,,11,0,22,32,11437.1982,30148.51507,94.03615324,65400,533,890,225800,5803.6541743956,5343.81501962697,404.174407958984,5545.90222711739,4228.705078125,474.965454101563,55983.001520969,235.999991158042,5536.82645432591,3318.10253256729,379.972351074219,216299.99398441,392.000006669032,9079,3602,583,10266,2284,553
Queens,Flushing,36081086900,0,16210,24516,42062,50231,,12,0,35,22,11068.31212,29537.84332,93.16913902,200897.037,801.5153374,1382,359900,4201.77846582235,3841.18547517205,316.583808898926,4015.09783350637,2856.294921875,391.034576416016,54693.3002133605,234.620027648158,4449.1736125596,2246.89750146155,418.027648925781,215930.510307004,449.689364891453,1469,101,48,2131,46,16
Brooklyn,Cypress Hills-City Line,36047114201,7975,16581,30482,37422,43546,14,8,6,14,26,7975,20075.75758,109.1999977,190200,585,1071,575400,1211.9999909699,1095.99999183416,113,1309.99999023974,262,210,43225.9996779412,213.999998405576,1408.99998950213,94.9999992921948,336,158299.998820573,475.999996453524,1736,54,457,1578,28,446
Queens,Queens Village,36081056000,0,19199,43583,48542,71684,9,10,16,22,37,11590.90909,22284.76747,114.375,202200,671,646,486800,1464.00000681728,1400.00000651926,53,1326.00000617467,1177,12,43632.0002031773,233.000001084991,1321.00000615139,842.000003920868,84,165400.000770204,675.000003143214,1826,504,301,1647,292,237
Queens,Corona,36081043900,0,13573,27019,34297,52870,2,5,8,13,10,7426.229471,20000,93.60465333,238400,863,1395,574700,2472.99999064341,2320.9999912185,124,2575.99999025371,1268,120,37499.9998581188,222.99999915628,3055.99998843763,757.999997132109,102,201899.999236112,627.999997623963,3663,520,100,4790,272,74
Queens,Flushing,36081084900,0,12956,27978,32372,41750,,16,18,,16,8885.32556,20369.10671,146.2266614,101421.7613,706.6854476,1030,451700,5010.96875109356,3995.81259532801,592.791746735573,5153.58957184877,1039.67532348633,1360.82077789307,45723.3289584735,254.112396511159,6012.597357651,509.272723448958,826.264934539795,188436.165809217,518.299733650651,7358.99999725819,295.410388946533,518.709091186523,7642,169,270
Brooklyn,Ocean Hill,36047036900,0,7925,16955,21170,25972,2,4,2,7,11,4732.954684,16625,81.58729962,138200,532,812,468400,7969.99995708786,3037.99998364277,4804,5009.99997302511,127,3263,24999.9998653948,187.999998987769,4870.99997377352,72.9999996069528,3152,110399.999405583,371.999997997074,4912,46,3563,4923,88,3474
Brooklyn,Brooklyn Heights-Cobble Hill,36047000700,0,20629,56455,66213,129097,38,55,79,78,86,7848.684111,61400,108.0110497,584700,1018,1562,1000001,3612.99995962158,3392.99996208027,156,3271.99996343255,2650,128,187499.997904524,282.999996837229,2699.99996982515,2211.99997527897,129,500000.994412053,656.999992657453,3682,2835,272,3359,2675,135
Queens,Auburndale,36081142900,0,21915,44087,64153,71466,14,18,24,33,48,12969.51147,31987.34093,133.0434758,300200,1029,1110,625800,3742.99999651406,3697.99999655597,1,3370.99999686051,3084,0,67408.9999372205,268.999999749474,3290.99999693502,2603.99999757484,4,246599.999770336,651.999999392778,3657,2244,16,3624,1835,47
Queens,Auburndale,36081145101,0,21439,43833,67917,56335,10,19,29,30,32,10608.69523,30042.01667,141.75,302200,890,1573,546000,1318.99999508634,1303.99999514222,0,1322.99999507144,1187,0,64265.9997605905,272.999998982996,1183.99999558926,971.999996379018,9,247299.999078736,707.999997362494,1458,905,6,1360,705,9
Queens,Baisley Park,36081079200,0,20332,45179,38664,72794,4,10,14,16,17,10931.03395,21935.48438,132.2535301,162700,735,1141,415100,2278.00002651941,277.000003224704,1979,1852.00002156012,76,1631,41100.000478467,224.000002607703,1948.0000226777,40.0000004656613,1731,136000.001583248,638.000007427298,2365,11,2102,2280,19,1661
Queens,Lindenwood-Howard Beach,36081006201,0,21663,38983,45368,55197,,14,0,,24,13023.01659,21461.76786,183.3420114,88762.24953,797.6153553,934,192200,6118.78133241087,6028.69413485751,59.6959583461285,5430.7075190451,5046.76134490967,80.3387779593468,20082.3225770969,314.888654391641,5517.75759870652,4816.23689110391,79.6541395783424,225797.690958931,633.948102083658,5451.000146918,4155.27339172363,89.6034557521343,5128,3619,191
Brooklyn,Windsor Terrace,36047050202,0,16066,31471,49184,82784,11,16,25,41,57,9652.173759,18068.18127,116.5671558,147900,592,1330,635900,2447.99995440245,2423.99995484948,6,2207.9999588728,1784,20,34807.9993516505,224.999995809048,2082.9999612011,1662.99996902421,60,183599.996580184,408.999992381781,2150,1583,148,2201,1635,115
Brooklyn,Windsor Terrace,36047050400,0,13904,32075,41803,70260,16,19,33,39,49,10169.49092,19500,119.7368436,140500,681,1078,428600,4340.00005658716,4284.000055857,21,4060.00005293638,2787,530,36154.0004713945,240.000003129244,4507.00005876459,2747.0000358168,716,166700.002173521,471.000006141141,4463,2112,773,4527,2404,648
Bronx,Van Cortlandt Village,36005027900,0,14669,31040,40308,51667,14,19,21,30,29,10635.41728,28692.30788,102.1397411,177100,643,947,260500,7308.99988598214,7108.99988910207,68,6634.9998964963,4974,371,50499.9992122175,232.999996365281,6697.00027515749,4319.00025334562,565,169399.998857913,434.999999015556,7182,2681,917,6966,1721,931
Bronx,Van Cortlandt Village,36005028100,0,16927,29984,39655,44974,17,27,31,30,35,10235.29421,31250.00175,100,14200,605,917,26600,3992.00008922815,3939.00008804351,40,3910.00008739531,3492,98,48000.0010728836,216.000004827976,3665.00008191913,3022.00006754696,168,150000.003352761,397.000008873641,3824,2000,582,3794,1547,632
Queens,St. Albans,36081036800,0,19883,42614,49955,64271,9,8,22,17,23,11075.47186,21878.53204,128.4615396,170100,716,973,379300,2373.99999336712,125.99999964796,2209,2205.99999383651,24,2088,41820.9998831535,259.999999273568,2062.99999423604,21.9999999385327,1979,152099.999575038,499.999998603016,2501,11,2344,2362,6,2186
Bronx,Eastchester-Edenwald-Baychester,36005035800,0,19307,42618,43954,60607,,8,0,,22,10419.35375,24237.66803,122.7653679,191999.9947,821.0000448,904,426700,5637.13263416814,3149.28076265473,2345.97436523438,6151.68834253337,862.255493164063,4364.23193359375,47135.0004815278,241.000001834575,5429.31207622646,311.730836912524,4289.29638671875,171699.996625497,612.000019808242,6911.03258216381,174.849029541016,5864.93603515625,7166,116,5855
Brooklyn,Bay Ridge,36047003400,0,14291,39979,51362,58393,,24,0,36,62,10798.75518,29642.87931,114.0084949,214500,722.1020134,1120,611600,3657.94232352072,3638.49376628562,1.19929277896881,3456.35447605903,3268.90005600452,1.07936346530914,63020.9990609139,204.12809021412,2742.59945256316,2406.54936673331,4.33639121055603,236460.200068214,516.017349661646,2894.00000035763,2179,20.6666667461395,3047,2033,37
Manhattan,Clinton,36061011500,0,8779,29336,44519,84453,3,10,32,42,37,5528.985481,,57.56097326,684500,863,1687,884600,1286.00001197681,1128.00001050532,129,900.000008381903,396,77,,153.000001424924,1128.00001050532,378.000003520399,160,0,399.000003715977,1467,526,350,2303,998,217
Brooklyn,Greenpoint,36047057500,0,9244,20319,30056,58409,,5,11,17,42,6288.888765,11749.99987,59.18013791,285600,539,1038,701900,4920.18555149643,4860.60711898588,23.8313732147217,4334.33096514267,2856.78588867188,17.8735294342041,30999.9995228111,139.000001893693,4720.00005275011,2991.00003342703,100,151800.001696497,359.000004012138,5006,3231,59,4249,2964,83
Brooklyn,Greenpoint,36047057900,0,6829,22188,23445,40987,,4,12,12,33,5812.333921,8418.177441,56.59298059,242900,529,1013,496200,1239.44151175529,1223.47849992337,5.9929363746196,1174.13333556551,462.043214321136,13.1615639068186,13338.2093631536,140.998520765487,1230.00000164669,450.000000602449,10,41300.0000552915,363.000000485976,1362,482,40,1117,503,28
Manhattan,Upper West Side,36061017100,0,16656,46873,72225,117474,30,52,0,,80,7732.876698,62857.14179,141.2989931,630973.7472,1023.923491,1526,1000001,9826.99992678314,8660.99993547052,957,9349.69113410264,7259.48210382462,621.05227502808,187499.998603016,307.999997705221,10106.6456278749,8089.27971769962,536.10455005616,499473.373090873,568.868638340366,9626.55470190942,7787.50920128822,482.10455005616,8989,7208,422
Manhattan,Upper West Side,36061017900,0,13544,37802,59637,72650,31,42,60,68,75,7146.090111,61250,134.267831,508700,929,1149,1000001,9668,8446,880,10134,6637,1049,75714,270,10168,7093,852,450000,540,9497,6569,788,9293,6521,643
Manhattan,Upper West Side,36061018300,0,10781,34599,53229,79453,24,33,55,66,71,6418.141728,50000,109.8396748,321100,897,1486,958900,8390.00007813796,6633.00006177463,1399,9189.00008557923,4766,1492,90000.0008381903,255.000002374873,10110.0000941567,5778.00005381182,952,450000.004190952,586.00000545755,9112,5605,739,8667,5947,592
Manhattan,Upper West Side,36061018700,0,12634,34223,54977,69917,28,44,56,65,73,6052.083499,,126.0776994,533300,876,1397,1000001,11559.9998708069,9126.99989799783,1795,10022.9998879842,5448,1659,162499.998183921,238.999997328967,9629.99989237636,5923.99993379414,1237,500000.994412053,563.999993696809,9806,5827,963,8974,5966,781
Manhattan,East Harlem South,36061016200,0,10355,15992,23211,30016,,6,10,13,17,4468.890307,13750.00074,80.26115388,484500,459,573,751500,7268.03088974987,3525.88929580028,3581.03569030762,10685.0001194142,207,6362,8333.00009312853,168.000001877546,10217.0001141839,209.000002335757,5297,0,337.000003766268,10067,277,4986,9308,423,4020
Queens,Far Rockaway-Bayswater,36081103201,0,11311,28676,22904,23308,,14,0,8,11,7861.111551,26679.99954,113.7416465,168800,581,705,432100,3954.62178326991,2987.27237420809,938.941345214844,3869.3976362473,1617.78308105469,1665.74475097656,47707.9974312611,210.000002556314,3830.29045189927,1160.30278089224,1803.72668457031,177999.993158326,439.999994504765,5701,240,4087,6456,143,3945
Manhattan,Washington Heights North,36061028500,0,9606,19235,21023,26229,6,7,9,11,21,5834.210278,,79.30392416,9999,514,755,-999,5881,5364,350,7000,1150,333,10000,181,8133,661,254,162500,366,8391,389,226,7216,548,278
Queens,South Jamaica,36081019800,0,11847,38828,26667,41637,4,5,5,10,17,6913.333333,18125,98.52272727,151700,618,1090,472500,2487.99999536574,698.999998698011,1787,2287.99999573827,172,1986,31710.9999409337,209.999999608845,2197.99999590591,65.9999998770654,1942,131299.999755435,516.999999037012,2782,30,2240,2930,36,1745
Queens,South Jamaica,36081019600,0,14306,31512,39340,51930,1,10,12,18,21,7471.014638,19791.66579,115.4838681,179900,710,1068,437700,2771.00001548417,548.000003062189,2197,2230.0000124611,130,2034,32500.0001816079,225.000001257285,2294.00001281872,68.0000003799796,2022,119800.000669435,511.000002855435,2695,32,2238,2643,48,1810
Queens,South Jamaica,36081020200,0,17246,26779,48248,53692,,7,0,,23,7795.796266,18583.54282,106.4325921,150930.462,792.4972997,-999,362800,1378.04474480171,125.439283558168,1249.49846553802,1135.45656421222,28.1295326054096,1046.06234312058,30552.0026588553,197.154192149957,1093.7550527039,13.0619502798654,943.966601371765,118450.993920511,448.05090432249,1418.25313354144,18.1239007562399,1102.25629520416,1387,7,823
Queens,Briarwood-Jamaica Hills,36081022001,0,18312,36305,43342,53058,,35,0,,51,11801.02581,35451.15946,165.5824318,92288.1011,729.1565031,1144,227800,7361.65131893088,6883.62556926875,293.131118774414,6028.69596180661,4750.34784412384,377.686332702637,64624.0906583161,286.53584526698,5973.00335537994,3928.69820803671,537.270607948303,247139.858175673,491.454678577355,6693.78882062435,2709.67433166504,981.833391189575,6074,2088,945
Queens,Corona,36081043701,0,15197,26923,35182,41132,,14,0,,30,10667.73195,23611.10996,184.6153965,67399.99752,745.9999887,1036,442400,2028.31683733099,1929.63096545951,43.069091796875,2502.75510107051,1160.49157714844,338.787567138672,41457.9984454209,278.000011790652,2929.0373723504,830.521306574752,391.352233886719,206999.99518223,610.999975733262,3161.00002777576,554.47216796875,406.273803710938,3381,590,339
Queens,Corona,36081043702,0,15197,26923,35182,43843,,14,0,,20,10667.73185,23611.11065,184.6153962,67400.00127,746.0000058,1192,280200,3952.68319295719,3760.36906335503,83.930908203125,4877.2449363023,2261.50854492188,660.21240234375,41458.0011154111,277.999996079862,5707.96267138794,1618.47870582715,762.647766113281,206999.996012306,611.000017134365,6159.99997222424,1080.52783203125,791.726196289063,6476,472,687
Queens,South Jamaica,36081025800,0,11511,22969,32292,59615,4,10,15,8,20,5945.454365,17450.98077,111.25,142800,674,1077,318600,1878.99999890628,34.9999999796273,1841,1503.99999912456,9,1452,30063.9999825004,207.999999878928,1219.99999928987,8.99999999476131,1114,108199.999937019,538.999999686261,1671,14,1534,1978,33,1543
Queens,Ozone Park,36081008800,0,16183,40073,46691,67639,4,6,8,13,17,10492.47903,22517.51304,113.1083344,189100,688,1138,535300,2698.99999728998,2693.999997295,3,2388.99999760125,2280,4,44045.7189945915,230.274626634457,2353.99999763639,2146.99999784424,13,175927.499823354,522.198082542763,3035,2052,27,3095,1590,121
Brooklyn,North Side-South Side,36047052300,0,6190,14892,22652,30417,0,3,4,10,38,4468.912269,,68.09392745,286000,426,699,629700,6165.00002906687,5648.00002662931,422,5369.00002531387,160,88,12500.0000589353,150.000000707223,5359.00002526672,164.000000773231,112,87500.0004125468,295.000001390872,5729,458,151,5469,1562,117
Brooklyn,North Side-South Side,36047052500,0,7750,11302,12069,15948,1,4,4,8,16,5916.666341,,77.93436159,296400,363,483,247700,3863.99996086489,3457.99996497692,344,3064.99996895727,1344,151,9999.99989871867,147.999998501036,3517.99996436923,1636.99998342025,156,0,258.999997376814,3537,1828,166,3499,2121,226
Brooklyn,park-cemetery-etc-Brooklyn,36047070202,0,14464,35833,53750,39167,,22,0,,0,3714.285498,,0,351599.9916,1125,-999,-999,276.537386583863,255.909889216302,13.5367956161499,121.18654703442,85.7330322265625,16.7598419189453,,169.999998425617,47.7010876624845,31.5858553440776,3.22304654121399,350000.010998435,500.00001571205,114.740450501442,109.58358001709,1.28921854496002,37,25,12
Staten Island,Great Kills,36085014607,0,24957,50214,64892,82318,,16,0,,31,12370.92406,30986.46125,126.8918921,220799.9932,708.0000017,963,471500,2023.38014083787,2019.02301944796,2.68130540847778,4616.20253101872,4440.912109375,7.37358999252319,64776.9978456845,248.999991960537,4674.18576182292,4407.73103067067,4.69228458404541,186699.999122175,539.000009885991,4655.00009208918,4161.18115234375,21.1172504425049,4552,3895,34
Brooklyn,Brighton Beach,36047036600,0,12770,28936,30817,48370,4,14,23,21,32,7252.873478,16000,109.6521779,197700,670,910,559800,3772.99998232079,3686.99998272376,31,3509.99998355313,2681,113,27142.9998728156,223.999998950399,3950.99998148673,2094.99999018342,227,116699.999453177,464.999997821142,4449,1943,109,4767,1996,89
Brooklyn,Brighton Beach,36047037000,0,19770,32803,39104,51361,9,17,18,31,48,11519.55243,28333.33333,135.6349126,232200,680,866,462600,4590.99997434579,4546.99997459166,3,3882.99997830205,3592,6,58238.9996745642,234.999998686835,3480.9999805484,2895.99998381734,7,220599.998767301,438.999997546896,4062,3021,31,4085,2935,18
Brooklyn,Gravesend,36047037401,0,15322,29200,37924,50518,,14,0,,42,10218.32906,27619.0465,139.3085199,262099.996,668.0000067,1030,551900,4894.69713354483,4741.91633036826,117.560302734375,4201.23411102686,3886.15356445313,47.119312286377,55624.9990868133,252.999998728622,4199.33030039538,3617.71615247708,82.3398132324219,210400.004042771,460.999996492756,4383.99990591407,3707.1953125,57.5902709960938,4301,3522,82
Queens,Whitestone,36081098700,0,19665,41176,50122,80757,,13,21,28,33,12025.42357,29058.2977,119.999999,282800,878,1244,670700,2640.04310648557,2622.47979450265,.924384832382202,2267.27745944969,2110.84765625,0,65798.0022727759,279.999991340344,2495.00002381741,2141.00002043811,3,251000.00239606,609.000005813548,2599,2018,8,2444,1778,15
Manhattan,Lincoln Square,36061015500,0,21499,46349,70319,104643,,49,0,,87,12311.0738,,240.2891533,290501.2672,901.365044,2001,662600,8319.52623620629,7668.91666167229,431.949409484863,7309.8520520702,6443.69291305542,318.581092834473,23622.415487379,388.596605019024,7103.27079211921,6290.76267511398,238.220092773438,373731.685445159,611.263299321929,6518.46955042332,5607.53554534912,198.553833007813,9350,7529,234
Bronx,West Farms-Bronx River,36005005400,0,9650,20308,21282,33672,2,4,6,5,9,6846.733746,23076.92394,86.65047953,220500,578,861,446400,5797.00002699438,4339.00002020504,1128,5666.00002638437,220,1071,43000.0002002344,199.000000926666,5588.00002602115,98.0000004563481,1323,151900.00070734,424.000001974404,5550,76,1615,5853,90,1529
Bronx,West Farms-Bronx River,36005005600,0,6324,19016,12604,30402,2,2,6,9,11,5858.696033,25000,83.94308887,208700,542,735,460700,2663.00004960224,1943.0000361912,628,2565.00004777685,198,569,36562.0006810203,176.000003278255,2451.00004565343,56.0000010430813,693,130000.002421439,392.000007301569,2710,60,749,2711,41,635
Bronx,Crotona Park East,36005015700,0,6117,9648,20677,24336,,2,0,,13,3626.11686,,81.40934654,235100,503.8230705,729,363600,9711.9677317337,5484.74625021669,3855.2471165657,1931.82545645687,23.2309921979904,527.983612060547,21217.1957943583,161.522000520553,2262.3128428311,34.086169822403,669.314990997314,72878.1391302153,297.194945856353,3574.10395300388,41,1382.62079060078,3580,37,1257
Brooklyn,Prospect Lefferts Gardens-Wingate,36047032700,0,11443,27196,33038,37402,8,11,17,16,30,6779.07006,26956.52108,88.68098316,220400,585,803,509100,3001.99994687922,1072.99998101313,1874,3176.99994378258,220,2553,44999.9992037192,195.999996531755,3871.99993148446,78.9999986020848,3350,164799.997083843,438.999992231838,3868,95,3403,2924,323,2169
Brooklyn,Homecrest,36047058800,11000,16161,32041,38866,47066,8,15,24,37,50,11000,24500,170.8333251,169400,721,961,282400,3947.00002940744,3906.00002910197,16,3152.00002348423,2920,14,47727.0003555939,283.000002108514,3263.00002431124,2721.00002027303,40,193300.001440197,504.000003755093,3473,2549,52,3245,2367,52
Brooklyn,Sheepshead Bay-Gerritsen Beach-Manhattan Beach,36047059000,0,20316,31406,46188,62083,5,16,12,20,30,8430.555479,24687.5,99.5,256900,647,997,554200,1480.0000227429,1244.00001911633,214,1315.00002020737,954,200,46579.0007157712,219.000003365334,1335.00002051471,703.000010802876,204,183600.002821349,499.000007668044,1878,835,189,1899,752,119
Brooklyn,Sheepshead Bay-Gerritsen Beach-Manhattan Beach,36047060600,0,16567,30570,29405,47527,12,12,23,32,40,11072.84746,19375,162.5350126,85800,666,1051,284400,2959.00004495372,2928.00004448276,4,2589.0000393326,2391,24,36500.0005545153,270.000004101894,2367.00003595994,1895.00002878922,53,166700.00253254,469.000007125142,2472,1834,46,2555,1853,31
Queens,Richmond Hill,36081002400,0,18526,42625,50893,72402,3,12,28,26,25,10301.58741,21314.10284,90.33333333,194400,714,1117,433600,1539.00004586577,1537.00004580617,1,1486.00004428625,1295,4,42091.0012544096,209.000006228685,1679.0000500381,1066.00003176928,37,170700.005087256,562.000016748905,2163,549,248,2145,340,196
Queens,Richmond Hill,36081002600,0,19432,41250,42378,81291,13,20,36,20,30,10642.85745,26283.78383,86.75675695,259700,699,954,590500,1693.99997160211,1674.99997192062,14,1490.99997500516,1348,2,53370.9991052989,193.999996747822,1643.9999724403,1089.99998172745,55,205399.996556714,581.999990243465,2132,664,215,2055,436,203
Brooklyn,Gravesend,36047037402,0,15322,29200,37924,32364,,14,0,,24,10218.32861,27619.04726,139.3085215,262100.0048,668.0000051,715,608600,5389.30284729972,5221.08365107421,129.439697265625,4625.76587253157,4278.8466796875,51.880687713623,55625.0006316681,253.000000255447,4623.6696831705,3983.28383336496,90.6601867675781,210399.995580422,461.000001546812,4826.99981957674,4081.80444335938,63.409725189209,4573,3553,145
Manhattan,Lenox Hill-Roosevelt Island,36061010602,0,24190,56309,76416,100110,,71,0,85,85,10037.36114,,265.3715275,359700,1311,1830,726600,3231.54672353109,3159.00912603763,18.3763358592987,3479.63642578233,3055.94345092773,32.2365458011627,,454.003183053671,3678.8514614494,3070.79420506108,42.1900871992111,176024.368872935,835.080551550487,3949,3061,79,4875,3542,71
Manhattan,Lenox Hill-Roosevelt Island,36061011000,0,20197,45465,68417,100605,36,50,58,70,76,11986.7993,65000,227.6470621,373100,1359,1737,1000001,6512.99986655451,6389.99986907467,38,6230.99987233244,5666,68,221295.995465845,424.999991292134,6332.99987024255,5522.99988683872,101,500000.989755431,873.99998209253,6732,5700,92,7169,5737,138
Manhattan,Lenox Hill-Roosevelt Island,36061011600,0,16712,35543,49146,66333,,58,0,73,75,7937.500068,,112.2605348,189900,807,1105,631900,4851.4531952995,4515.99080290313,70.623664855957,4086.36352843059,3435.05639648438,114.763450622559,,255.0000065172,3883.14872068985,3095.20594424525,154.809921264648,349999.99508831,445.000002135247,3860,2749,127,3543,2497,166
Queens,Bayside-Bayside Hills,36081108500,0,22844,48176,60830,88750,11,14,22,31,47,11987.3987,33076.01482,146.0573059,321347.0588,842.7251462,1387,648900,2840.000015283,2829.00001512934,6,2496.00001392234,2363,0,70323.8446816337,281.546763964198,2487.00001311768,2068.00001075957,1,255440.515629006,656.333335536843,2775,2017,9,2613,1453,14
Queens,Bayside-Bayside Hills,36081109900,0,17902,37176,54656,51875,5,11,20,29,25,10037.31397,21312.49942,87.5,204200,733,1047,503600,3729.00005035708,3699.00004995195,1,3270.00004415866,3125,1,47973.0006478359,228.000003078952,3195.00004314585,2727.00003682589,8,193000.002606306,558.000007535331,3335,2384,14,3277,1815,24
Queens,Bayside-Bayside Hills,36081113300,0,20075,48494,62126,83000,,8,0,,45,10673.29868,31269.83982,143.5674839,268141.0362,852.7311302,1359,561200,1879.57197599951,1859.78930069227,.542216744273901,1808.54384088796,1711.63132429123,6.33414581790566,66553.2804096689,281.656511007512,1556.8493937375,1374.61251991428,2.21976210176945,251650.592697146,528.770289012526,1696.00000025518,1248.50538635254,5.33626286685467,1537,993,7
Staten Island,Oakwood-Oakwood Beach,36085013201,0,29489,42617,67898,84263,12,20,21,30,39,13654.41165,31729.56075,128.4375,257100,833,897,533600,1915.99999018572,1908.99999022158,1,1852.99999050843,1781,0,67977.999651798,239.999998770654,1503.9999922961,1417.99999273662,4,210299.998922786,549.999997182749,1569,1450,6,1558,1379,28
Manhattan,East Harlem North,36061019600,0,8464,8257,9829,18361,2,3,4,5,12,4298.449949,15937.5,66.49788472,17500,303,461,1000001,5084.99994672253,2255.99997636303,2679,3324.99996516271,80,1849,27499.9997118721,152.999998396961,3652.99996172613,47.9999994970858,1823,0,236.999997516861,3751,43,1789,3931,325,1626
Staten Island,Great Kills,36085014608,0,24957,50214,64892,98980,,16,0,,31,12370.92376,30986.46112,126.8918984,220800.0001,707.9999955,1277,454800,1573.4986413539,1570.11028913631,2.08513975143433,3589.82885329919,3453.51293945313,5.73413467407227,64776.9979334823,248.999994531787,3634.92000204099,3427.70923181135,3.64899468421936,186699.997225182,538.999997563728,3620.00010573864,3235.97778320313,16.4220085144043,3510,2969,21
Staten Island,Mariner's Harbor-Arlington-Port Ivory-Graniteville,36085030302,0,23256,49094,51867,75724,,17,0,20,23,11495.23799,21283.78206,160.9011702,163800,763,1240,360300,957.754949755947,939.604192653812,11.4954795837402,3452.87902606266,3002.740234375,29.6462364196777,59176.9985472618,261.000008375249,5758.63020327044,4334.40079598964,252.295516967773,159999.993606468,577.000008462208,6125,2678,1015,6369,1976,1281
Staten Island,Old Town-Dongan Hills-South Beach,36085007000,0,16717,38778,51510,63790,,5,7,14,22,10500.00009,25919.35771,110.0775212,198000,658,925,487200,5347.09431759382,5322.10789554899,3.99782752990723,5827.83307773637,5447.0400390625,62.9657821655273,54762.9996674508,231.000003240533,5913.99999595518,5278.99999638948,70,171699.999882568,531.999999636144,7298,5867,183,8525,6244,260
Brooklyn,Sheepshead Bay-Gerritsen Beach-Manhattan Beach,36047059800,0,18714,37426,43017,54268,15,23,27,35,45,11585.52652,29687.5,166.1202297,226300,729,1171,540500,3765.00000350643,3723.00000346731,22,3099.00000288617,2836,77,59070.0000550132,285.000000265427,2868.00000267103,2450.00000228174,165,208700.000194367,545.000000507571,3310,2601,257,3427,2727,138
Brooklyn,Sheepshead Bay-Gerritsen Beach-Manhattan Beach,36047062600,0,21128,32083,41733,44625,10,15,15,24,35,10773.33333,20454.5451,136.5234375,172400,547,988,382200,3275.99998474494,3266.99998478685,3,2827.9999868311,2755,5,44047.9997948855,265.999998761341,2513.99998829328,2319.99998919666,14,170999.999203719,398.999998142011,2720,1872,201,2788,1664,248
Brooklyn,Borough Park,36047047800,0,11371,20526,37071,41359,4,9,9,21,13,7452.054688,23014.70603,79.87096044,331100,695,954,703100,3850.00003316673,3795.00003269291,28,3825.00003295136,2838,69,56429.0004861208,181.000001559267,3794.0000326843,2591.00002232078,40,233600.002012402,429.000003695721,4916,3203,53,4848,3462,65
Staten Island,Old Town-Dongan Hills-South Beach,36085011201,0,22038,45724,54732,57047,6,9,18,18,27,10908.3328,22441.86179,122.6315795,208900,664,979,457700,2417.00001433258,2392.00001418433,8,4579.00002715304,4208,7,57358.0003401275,247.000001464687,5342.00003167755,4650.00002757406,6,181400.001075685,531.00000314878,5590,4790,21,5758,4541,69
Staten Island,Old Town-Dongan Hills-South Beach,36085011401,0,15357,27016,37656,46616,3,6,15,16,32,9914.4739,26988.63636,105.1162744,202600,481,579,379400,3406.99998978685,3248.99999026049,142,3186.99999044635,2865,118,59256.9998223656,179.999999460415,3030.99999091399,2487.99999254174,156,179299.999462513,396.999998809915,2946,1878,345,3067,1730,433
Manhattan,Battery Park City-Lower Manhattan,36061000700,0,26434,41518,81175,115472,,71,0,,81,857.1428834,,233.3333438,161049.4928,1897.49561,2001,874000,6.0656279854433,6.06024115327311,0,407.253636301572,334.412220299244,31.9280467219651,,480.64285562087,204.011958330351,106.638691472745,33.2155100703239,0,890.039602755163,912.984770541079,580.250210762024,36.3878519237041,8109,5323,329
Manhattan,Battery Park City-Lower Manhattan,36061000900,0,17298,68802,105206,112083,,60,0,,91,857.1429052,,233.3333429,170300.0013,2001.000018,2001,931800,15.934372240545,14.9397590563007,0,122.412025850223,104.940188676119,7.34604882448912,,248.840647139553,504.334434263062,370.496856156165,61.998348288238,0,1000.39984465091,1118.01523269713,792.620298862457,72.7868509292603,731,545,33
Staten Island,Stapleton-Rosebank,36085003600,0,14821,36111,50671,70547,3,7,13,19,29,9156.25,20869.56538,87.85713852,176400,673,1046,398500,1490.99999618134,1488.99999618647,1,1520.99999610451,1399,3,47737.9998777364,200.999999485211,1473.99999622488,1292.99999668845,4,166399.999573827,494.999998732237,2173,1378,52,2510,1250,103
Brooklyn,Prospect Heights,36047016100,0,11475,32778,65192,100272,1,26,45,68,73,4376.237925,18750,81.92825242,437500,868,1730,811800,3653.00002721697,1621.00001207739,1903,3021.0000225082,621,1374,67000.0004991889,182.000001356006,2742.00002042949,977.000007279217,942,312500.002328306,536.000003993511,2568,1213,696,3075,1869,496
Brooklyn,Fort Greene,36047003500,0,10906,34773,44306,50550,,18,36,43,42,4122.950396,22500.00002,78.84210355,535700,776,925,1000001,1355.81223650987,751.727923303336,549.079833984375,1387.65693672683,317.482025146484,776.817687988281,35000.0009916984,185.999991704886,1505.00000280328,307.000000571832,933,150000.000279397,516.000000961125,1477,319,889,1554,580,651
Brooklyn,Fort Greene,36047017900,0,10441,26602,38750,52463,,7,0,30,40,4681.818303,17000.00004,75.64885769,217200,622,953,827800,2957.9998677671,818.999963387847,2062,2886.99987094104,204.999984741211,2179,37500.001433427,169.000006498166,2683.99988001585,222.999990031123,1999.99987792969,200000.007466604,443.000017033653,3379,293,2569,3624,708,2231
Queens,Queens Village,36081053800,0,20487,50333,64554,74853,12,6,10,16,20,10382.9787,22977.1003,126.5217342,180400,630,1144,440300,1787.00002995692,634.000010628253,1128,1860.00003118068,102,1613,42680.0007154793,243.000004073605,1685.00002824701,30.0000005029142,1535,158800.002662092,614.000010292977,1952,22,1813,1755,26,1444
Queens,Queens Village,36081058200,0,20474,48617,49090,63464,,7,0,,22,10477.76394,22651.06795,126.6952974,177584.0913,801.2094603,912,423100,4235.64993368089,2879.60820223624,1262.11151123047,4245.5369344214,546.483764648438,3211.52612304688,44105.1908203466,259.101331152013,4275.57903243601,285.721935142297,3626.173828125,155534.388305834,675.946227729345,4593.14813792706,204.787292480469,3967.74194335938,4490,170,3788
Brooklyn,Prospect Heights,36047016300,0,10206,36875,59583,74732,9,12,41,61,54,6123.134296,17750,91.6089095,282900,893,1364,746700,4461.00004985556,1599.00001787022,2725,3532.00003947318,535,2260,46875.0005238689,197.000002201647,3145.00003514811,906.000010125339,1664,315400.00352487,550.000006146729,3175,1195,1306,2991,1533,820
Brooklyn,Prospect Heights,36047020500,0,7163,25169,45256,70329,2,7,33,44,68,4996.913537,29444.44444,82.93104034,237800,730,1365,474600,3816.00005419739,996.000014145859,2742,2673.00003796373,191,2121,60263.0008558955,179.000002542278,2533.00003597536,383.000005439622,1831,291700.004142919,483.000006859889,2444,552,1458,2469,1190,808
Manhattan,SoHo-TriBeCa-Civic Center-Little Italy,36061003900,0,14949,37500,47083,73150,,43,47,62,74,2443.664264,,57.97520084,860700,786,1207,1000001,153.868557675912,136.992917715631,4.45533284544945,3630.99996956531,2630,492,24999.9997904524,353.999997032806,4193.9999648463,3090.99997409154,490,500000.99580904,607.999994903803,4292,3220,398,5860,4447,310
Manhattan,SoHo-TriBeCa-Civic Center-Little Italy,36061004700,0,14334,36863,57167,90547,11,46,59,67,74,6480.768995,,55.76271067,1000001,1024,1533,1000001,1979.99997326173,1887.99997450411,56,2581.99996513221,2228,32,34999.9995273538,215.999997083098,2441.9999670228,2083.99997185729,50,279999.99621883,452.999993882608,2463,1986,41,2524,2012,47
Brooklyn,Crown Heights North,36047031702,0,10660,26886,30093,36125,4,8,13,12,24,6315.950569,22000,89.47368716,190900,609,924,621000,3731,420,3259,3888,116,3304,41250,200,3848,30,3384,210300,416,3579,56,3155,3363,494,2435
Brooklyn,Crown Heights South,36047031900,0,13231,26967,33738,34485,6,12,9,27,19,6736.301438,26875,90.59259382,225400,588,858,588500,3431.99995844811,779.999990556389,2595,3263.99996048212,143,2929,55999.9993219972,211.999997433275,3420.99995858129,328.999996016733,2912,143799.998258986,431.999994769692,3850,670,2871,3508,906,2305
Brooklyn,Crown Heights South,36047032100,0,9861,22343,28659,36250,9,7,11,13,22,7039.370064,22187.5,90.27777778,180200,593,814,612900,4912.9999633953,2006.99998504668,2740,5781.99995692074,196,4330,43332.999677144,202.999998487532,6524.99995138496,76.9999994263053,5146,155399.99884218,399.999997019768,5612,78,4593,5001,332,3660
Bronx,East Tremont,36005022000,0,11964,25952,11190,12359,3,2,13,4,21,3962.5,,80.1415102,177800,534,861,489100,1343.99998325855,1207.99998495262,126,1280.9999840433,183,85,24999.999688589,160.999997994513,1033.99998712004,47.9999994020909,91,115599.998560036,355.999995565508,1445,25,249,1487,19,334
Queens,Middle Village,36081065501,0,0,,,-999,,,,,,,,,,,-999,-999,0,0,0,0,0,0,,,0,0,0,,,0,0,0,0,0,0
Brooklyn,Stuyvesant Heights,36047038700,0,7746,14097,22338,34194,3,3,7,7,18,4824.074297,9166.667222,89.74860032,181700,506,785,532100,4797.00004690932,517.000005055685,4177,3244.00003172271,27,2778,27500.0002689194,179.000001750421,3280.00003207475,33.0000003227033,2751,134100.001311349,345.000003373716,3581,27,2974,4010,164,2923
Brooklyn,Bushwick South,36047039500,0,8740,15370,20417,30382,2,6,3,9,19,6046.762512,18392.85747,86.29031808,168800,509,992,719900,4543.00005077198,2372.00002650917,2031,3655.00004084781,529,1293,30625.000342261,185.000002067536,3133.000035014,226.000002525747,1138,146900.001641735,382.000004269183,3636,148,1246,3380,293,879
Brooklyn,Bensonhurst East,36047042400,0,11761,27412,34583,38821,5,7,19,23,27,9541.666978,24276.31618,92.59615198,244000,643,900,655800,3538.9999868162,3505.99998693913,2,3027.99998871982,2671,6,50817.9998106882,194.999999273568,3241.99998792261,2332.9999913089,24,208799.999222159,467.999998256564,3692,2238,24,3666,1851,67
Brooklyn,Bensonhurst East,36047041200,0,14560,27150,35170,40606,7,6,8,23,19,8822.580838,22850,92.14286256,252200,633,979,588500,2691.99998997152,2675.99999003112,6,2339.99999128282,2244,1,52033.9998061582,203.999999240041,2258.99999158457,1865.99999304861,4,192299.999283627,462.999998275191,2708,1757,22,2929,1536,14
Brooklyn,Borough Park,36047024400,0,16601,23577,28824,34617,1,7,12,16,17,8613.095785,23359.37556,93.73134634,285500,737,919,726300,3127.00004659593,3103.0000462383,2,2672.0000398159,2558,2,56136.0008364916,206.000003069639,2609.00003887713,2317.00003452599,4,208800.003111362,503.000007495284,3069,2420,24,3238,2501,16
Brooklyn,Borough Park,36047046800,0,19792,33542,38950,46848,,14,11,20,22,11264.70577,22661.28963,114.7368339,269400,734,1138,656900,1197.01769336251,1196.02760428612,0,1320.77882791199,1274.24462890625,0,50000.0005573017,236.000002012471,1198.00002119876,1129.0000199778,0,209000.003698282,513.000009077601,982,885,1,2054,1921,4
Queens,Ridgewood,36081053900,0,12806,27019,37296,55872,3,5,13,18,25,7950.980256,23589.74419,75.48387036,189800,649,1086,527600,3583.99999123812,3527.99999137502,44,3225.99999211333,2629,10,41043.9998996588,167.999999589287,3484.99999148014,1823.99999554083,19,170199.999583908,441.999998919433,3951,1004,79,4147,907,109
Brooklyn,Stuyvesant Heights,36047027500,0,9185,18329,30241,52958,2,4,11,11,34,4734.042308,20312.5,76.52542264,223600,540,1059,579700,4861.00005432591,30.0000003352761,4805,3662.00004092604,10,3563,41786.0004669949,175.000001955777,4460.00004984438,50.0000005587935,4147,123200.001376867,365.000004079193,4171,30,3857,4180,250,3371
Brooklyn,Stuyvesant Heights,36047027700,0,8913,18553,23561,26676,0,2,10,11,15,4309.523761,18333.33333,81.90607547,210000,518,819,617400,3387.00002641801,23.000000179396,3349,4326.00003374205,10,4265,46429.0003621381,177.000001380569,4477.00003491982,17.0000001325971,4225,125000.000974978,332.000002589542,4001,20,3660,3945,99,3449
Brooklyn,Park Slope-Gowanus,36047012901,0,7740,27377,48024,85989,3,16,33,46,61,4169.811514,25625,75.19685319,337300,741,1682,665100,3067.99993713945,2109.99995676801,895,1764.99996383674,222,461,59999.9987706542,181.999996270984,2143.99995607138,662.999986415729,493,258299.994707666,526.999989202246,2239,791,536,2159,1159,286
Brooklyn,Park Slope-Gowanus,36047012902,0,7480,36552,55625,75972,,22,53,60,65,4413.558545,16338.05062,72.07592325,458500,1015,1602,1000001,2235.1877110731,1260.27204760971,905.920148849487,2239.34300968127,528.517976760864,779.182283401489,66844.7047150585,186.973676289131,2040.99999762396,853.999999005813,565,305599.999644235,584.99999931897,2125,1101,442,1964,1263,226
Brooklyn,Bushwick North,36047045300,0,5929,12130,25000,40934,1,3,4,10,32,4039.325888,,63.04053941,238200,531,1122,710900,3396.99997469038,2855.99997872114,402,1589.99998815358,82,85,31249.9997671694,161.999998793006,1567.99998831749,38.9999997094274,64,0,351.999997377396,1616,100,60,2017,593,282
Brooklyn,Bushwick South,36047048500,0,6463,14597,40397,54289,2,0,16,12,33,4898.880788,8750,61.27332781,168028.5714,678.3530928,1607,520100,4613.00001860678,3414.00001199171,1048,1007.99999922013,108,43,8999.99996542465,163.043189306236,921.99999955052,48.9999999095453,35,69642.8568753098,391.784809845472,1613,211,118,2510,1290,137
Manhattan,Central Harlem South,36061021600,0,5504,12609,25236,40833,2,3,10,20,40,4334.355922,,75.24956143,153800,497,761,662900,10604.9999123445,190.999998421292,10327,6124.99994937389,62,5667,22499.9998140265,144.999998801504,7603.99993714923,187.999998446088,5981,67499.9994420796,275.999997718725,7986,286,5817,7556,1365,3999
Staten Island,New Springville-Bloomfield-Travis,36085018902,0,24588,60058,67269,83485,13,29,35,42,40,13136.02886,37175.92621,141.8644104,246100,765,1287,472600,2565.99998301954,2413.9999840254,147,4985.99996700523,4344,188,67863.9995509111,255.999998305924,4439.99997061837,3560.99997643514,179,202099.998662607,545.999996386854,4978,3503,226,5064,2984,231
Queens,Airport,36081033100,0,0,,,-999,,,,,,,,,,,-999,-999,0,0,0,0,0,0,,,0,0,0,,,0,0,0,0,0,0
Queens,College Point,36081090700,12080,20000,41522,45956,47604,2,4,10,13,7,12080,27750,132.5675672,252600,662,995,508000,1272.00001757991,1248.00001724821,0,1172.00001619784,1064,0,59808.0008265873,241.000003330784,1162.00001605963,900.000012438613,9,224200.003098597,610.000008430616,1354,762,15,1355,526,42
Staten Island,Charleston-Richmond Valley-Tottenville,36085024402,0,21758,47854,68073,79615,,8,0,,27,10968.99181,21046.19461,92.50000396,294000.0063,623.000027,1371,506400,1321.39030940334,1310.86775257501,3.64242362976074,1373.19366609664,1326.24682617188,1.61885488033295,55244.00071347,227.000009340969,2052.30329524788,1931.69860544629,5.26127862930298,195000.010340076,540.000021952032,3399.99996241927,3133.6982421875,16.9979763031006,4259,3823,27
Brooklyn,Gravesend,36047030800,0,18571,27000,32670,42303,6,2,0,16,12,10384.61518,20000,98.75,141300,564,726,382800,2264.99993750767,2208.99993905274,28,1871.99994835071,1787,0,39285.9989160823,275.999992385041,1655.63227615495,1483.74682505056,11.8541688919067,169999.99727192,400.000013312576,1691,1202,5,1949,1214,25
Bronx,Soundview-Castle Hill-Clason Point-Harding Park,36005007400,0,17076,31930,40654,43725,6,10,18,23,21,10386.36346,27638.88786,125.7692383,211000,637,786,349200,1954.99996358529,1477.9999724701,400,2361.99995600432,241,1122,46956.9991253577,247.99999538064,3301.99993849546,150.999997187406,1544,185099.996552244,485.999990947545,3503,88,1536,3710,69,1402
Bronx,Soundview-Castle Hill-Clason Point-Harding Park,36005008600,0,9358,11526,14409,24250,3,3,6,4,9,9533.332908,24687.5,93.94203302,195200,297,490,379800,4891.99998177588,4026.99998499826,814,4865.99998187274,357,1949,55624.9997927807,147.999999448657,4441.99998345226,69.9999997392297,1771,180799.999326468,205.99999923259,4381,66,1611,4176,46,1376
Brooklyn,Cypress Hills-City Line,36047118800,0,9861,23494,21683,23484,1,4,7,7,9,7917.80837,18333.3342,85.1075271,192900,644,1134,524800,3386,3357,9,2921,1724,64,34062,194,4037,744,508,153100,504,4560,297,800,4651,148,725
Queens,Forest Hills,36081074700,0,20451,45165,56125,65040,25,36,41,46,54,11882.35219,38515.62418,170.3722393,231600,796,1103,258300,4216.9999685809,3864.99997120351,65,3594.99997321516,1766,250,105681.999212608,295.999997794628,3333.99997515976,1289.99999038875,225,284599.997879565,537.999995991588,2621,734,109,3386,1070,171
Bronx,Co-op City,36005046201,0,16977,31927,40843,48005,6,12,17,22,24,9922.727752,22750.00051,109.5833363,12300,617,799,70300,11945.0003295242,10345.0002853854,1542,26454.000729781,16428,6970,6465.00017834862,268.000007393261,24206.0006677659,9727.00026833674,9798,133300.00367732,502.00001384857,24523,4271,14039,26588,2772,15910
Bronx,Co-op City,36005046202,0,14483,23462,39349,36155,,9,0,,17,8803.836676,24519.82587,98.56576307,184711.1377,624.1109439,613,388400,6853.86731338955,3228.71921077301,3492.02561593056,5568.31160891452,1265.74450874329,3162.76826667786,47983.2748075853,187.038822453193,5238.68787945062,793.269158306648,3380.70356440544,159722.895210435,479.063711130539,7294.96728537342,686.150972232223,4873.06404018402,8277,320,5496
Bronx,West Concourse,36005022101,0,6471,15746,20603,28008,,3,0,,4,5989.406902,17083.33325,85.27027421,137500.0032,538.9999953,789,-999,2632.52472391766,2051.78085914171,516.432006835938,2570.92480764055,104.216209411621,910.826416015625,37499.9996701227,181.000005147607,2825.44424368441,47.690121434629,520.682312011719,157500.005360608,372.999991499681,3300.00007367134,62.9353256225586,652.025573730469,3849,34,822
Bronx,Fordham South,36005038301,0,6711,15510,16433,25508,,4,0,,9,5831.196686,16249.99919,79.13447263,104099.9965,516.0000007,818,346200,4489.87887357362,3544.96889836714,850.562683105469,4356.26007829607,250.475372314453,1660.41711425781,17499.9996387478,184.99999538812,4814.10799329728,93.8684009835124,1924.78112792969,95800.0004182143,368.999994042939,4861.99990224838,77.1061859130859,1810.31909179688,4797,90,1280
Bronx,Fordham South,36005038302,0,6711,15510,16433,17839,,4,0,,10,5831.196707,16250.00074,79.1344724,104100.0032,515.9999994,798,-999,4885.12111332966,3857.03109129239,925.437316894531,4739.73990899697,272.524627685547,1806.58288574219,17500.0002851078,185.000003742771,5237.89199266024,102.131598742679,2094.21875,95799.9993587881,369.000004485824,5290.00009775162,83.8938140869141,1969.68090820313,6106,47,2489
Queens,Glen Oaks-Floral Park-New Hyde Park,36081155101,0,22438,45145,55724,57104,,27,0,,54,10930.69311,31256.82735,149.3913449,310400.0118,1479.000045,1201,452200,2544.35351165717,2501.1610911512,19.1966304779053,2996.54082757151,2662.46606445313,83.452018737793,64999.9985955693,338.000008391815,3222.63448552868,2586.47945264447,137.842483520508,219699.996521436,687.999985893776,2194.99997639656,2098.74536132813,26.7924957275391,1806,1723,32
Queens,Glen Oaks-Floral Park-New Hyde Park,36081155102,0,22438,45145,50655,73867,,27,0,,51,10930.49269,31256.82693,149.3909281,82929.64496,763.9939106,1126,270400,7001.05873543398,6881.90135906914,53.1445622742176,8243.45288696882,7324.17611420155,229.793479517102,65000.1769158671,337.999827684736,8865.32881605963,7115.04708346653,379.536666870117,219699.899156414,688.001158555609,7803.6094998389,4473.46916158497,603.451506987214,8185,4342,759
Bronx,Claremont-Bathgate,36005014702,0,6521,8448,10775,15625,,2,0,,3,5702.651382,,87.1140444,204499.998,270.0000026,345,-999,7452.66739833355,2837.52552521229,4307.69091796875,6079.03282701969,25.5806865692139,4570.73779296875,,139.999995188865,5559.21398186684,17.3755602836609,3823.58862304688,0,210.999998420781,5272.99989163876,40.5429725646973,2658.943359375,5110,25,2207
Bronx,Claremont-Bathgate,36005016900,0,5787,7932,16591,23355,,0,13,7,6,3473.282462,,69.94253065,223400,490,535,355800,4347.5954089657,2221.50152674129,1939.95544433594,593.023986506939,18.7073822021484,396.596496582031,43749.9978383236,152.000006265243,910.999989818782,45.9999994859099,412,124999.998603016,214.999997597188,1796,22,1015,1663,23,880
Bronx,Spuyten Duyvil-Kingsbridge,36005029500,0,21143,35754,49352,71936,,27,44,44,61,12520.33664,32153.09875,160.5592002,77400,832,1255,247000,4578.65124867572,4394.08965589863,32.7281799316406,4266.00003588136,3790,106,65000.0005467154,290.000002439192,4061.0000341571,3409.00002867312,131,238600.002006866,537.000004516711,4081,2771,276,4240,2644,350
Queens,Kew Gardens,36081077500,0,16628,38237,48451,46944,,29,43,50,44,9436.874193,52055.03452,112.084404,355200,728,1131,825500,2174.51352555113,2133.54975418169,11.2266745567322,1730.79958408028,1588.41101074219,11.3671598434448,109583.002348727,237.999999070191,2261.99999157339,1796.99999330565,22,385499.998563901,529.999998025596,2482,1574,75,2273,1364,118
Queens,South Ozone Park,36081009800,0,14139,30231,39943,43150,2,7,9,15,10,8258.621212,21931.81791,93.90625,186800,709,1028,562100,2092.00001168996,2081.00001162849,1,1897.00001060031,1619,4,41250.0002305023,198.000001106411,1994.00001114234,1065.00000595115,141,160900.000899099,516.000002883375,2944,301,541,2688,157,524
Queens,Richmond Hill,36081011000,0,15509,33606,39122,46454,5,7,8,9,17,8939.024605,21159.42055,108.5897439,182000,781,1252,459300,2077.00000386871,2066.00000384822,0,2217.00000412948,1953,0,40526.0000754856,226.000000420958,2209.00000411458,1335.00000248663,64,160200.000298396,536.000000998378,3101,448,382,3075,202,522
Queens,Rego Park,36081070300,0,20975,43696,52019,68393,,22,0,,37,12324.07373,29377.59387,170.634908,239299.9956,806.000018,1414,573800,1881.12885499792,1799.15469117649,4.98973178863525,2025.83107461315,1811.98547363281,3.56409406661987,62923.9988398236,291.999999791655,2072.87711645849,1668.70884787804,12.117919921875,226900.00205017,584.000015947315,2151.99996143579,1345.08911132813,29.9383888244629,2010,1008,49
Queens,Forest Hills,36081070700,0,26713,54693,58495,82454,,33,0,,55,13858.62712,31728.0971,155.352634,273765.8069,970.1996022,1539,595800,2550.44287257642,2456.51110665686,1.15236830711365,2409.86155445501,2107.4743347168,3.82312023639679,70461.8904263893,298.207486752405,2382.72674170136,1849.38490438461,9.79860877990723,243973.773753281,628.796861265264,2627.0000077337,1627.64556884766,34.914210319519,2303,1202,24
Queens,Forest Hills,36081070900,0,21079,48339,61227,102583,,30,0,,67,11855.64055,31693.17568,158.6886285,273355.9176,798.1211312,1537,588800,2431.42828767793,2314.33421680448,3.85789996385574,2315.30738722417,1932.54025268555,3.61278569698334,65937.1661563405,299.302882552967,2100.39615879394,1515.90626154258,17.0834712982178,253224.854335215,674.094324176806,2791.0000083372,1588.26531982422,41.1473999023438,2483,1199,47
Brooklyn,Bushwick South,36047048900,0,8926,8939,12786,15654,2,3,3,4,4,6332.031388,,86.18643821,162500,216,446,-999,5887.99982452393,2222.99993374944,3496,4806.99985674024,68,2610,,141.99999576807,6814.99979689717,60.9999981820583,3016,0,196.999994128942,4020,27,1769,4039,41,1587
Brooklyn,Bushwick South,36047049300,0,6209,10451,18479,22145,,2,2,6,19,4495.727577,10625,64.31416999,142900,409,566,532100,8097.78670845385,6564.53517101077,1315.85731506348,8115.9999754345,376,1217,6249.99998108251,138.999999579275,8379.99997463543,253.999999231193,1089,54999.9998335261,258.999999216059,7681,320,1161,7625,1352,1136
Queens,Maspeth,36081049302,0,16741,33262,50031,45759,3,5,5,12,21,9540.541056,25000,97.66666157,257800,743,1123,482900,2400.9999893785,2399.99998938292,0,2310.99998977664,2215,10,54772.9997576962,215.999999044463,2136.99999054638,1773.99999215221,11,203299.999100645,535.999997628853,2775,1891,22,2811,1580,47
Queens,Queensboro Hill,36081080302,0,27857,45757,61452,80318,11,21,21,28,41,12426.47066,28681.31807,124.5454508,230800,699,1630,503700,3158.00000624987,3129.00000619248,10,2816.00000557303,2494,5,60566.0001198638,274.000000542263,2994.00000592531,2017.00000399177,5,204300.000404322,682.000001349719,3186,1416,36,3504,1009,77
Manhattan,Murray Hill-Kips Bay,36061008200,0,25701,48496,62136,85565,36,51,55,73,73,13370.96793,,238.4987876,296900,1313,1973,816100,2618.9999188988,2579.99992010649,27,2823.99991255067,2609,59,149999.995355029,440.999986343784,2564.99992057099,2275.9999295203,47,187499.994193786,769.999976155814,2764,2305,53,3262,2389,110
Staten Island,Mariner's Harbor-Arlington-Port Ivory-Graniteville,36085022300,0,17739,41183,35939,57974,,4,0,,22,7987.006489,16879.8331,94.54319776,139482.4872,720.3215772,1282,348300,2104.77348685174,1859.99545500046,229.490588545799,1898.77798027578,1463.37976098061,234.037971556187,37005.0670986131,217.639276617924,1669.81159549419,1022.93689039879,315.881909824908,132040.653837928,487.18332492276,2264.87266748375,918.985388875008,587.392857044935,2880,522,1020
Bronx,Westchester-Unionport,36005009600,0,20169,36843,39218,41597,5,9,12,16,17,8847.6175,22346.15385,102.0729336,200276.3359,694.9688385,1088,523100,1926.00000534579,1891.00000501983,35,1783.0000036601,1149,34,42621.8068092669,234.214022639218,1711.00000377186,679.000001080334,90,177078.182262606,527.241759565021,2099,350,317,2594,198,412
Bronx,Highbridge,36005020100,0,5831,8171,21398,31538,,4,0,,5,6099.558906,27431.99522,82.64598233,178552.6399,528.8387016,792,9999,4494.25041119978,2811.04170480032,1639.19294810295,2631.21088206678,110.048669338226,1585.31430530548,27478.4202633819,178.986694907153,2646.22477682289,76.9993186041528,1241.10298025608,50671.0907496037,340.010851954634,3631.99995046854,56.5236076116562,1501.54617881775,4013,54,1439
Queens,Hunters Point-Sunnyside-West Maspeth,36081021900,0,0,37375,76250,-999,,,0,,,,,,316700.0131,989,-999,-999,8.31141586229205,8.31141586229205,0,1.91801904514432,1.91801905632019,0,,,52.4258539006114,43.4750983566046,.639339685440063,229200.008161374,624.999996358264,45.3931176662445,28.1309471130371,2.55735874176025,7,4,0
Bronx,Westchester-Unionport,36005007800,0,13647,29343,34353,38150,4,5,12,12,15,8708.332884,23347.45708,88.39868933,208600,663,928,454900,5251.99998593749,5026.99998653994,145,5510.99998524401,2414,398,45728.9998775582,203.999999453779,5444.99998542073,1093.99999707076,570,167799.999550707,474.999998728163,6171,520,1083,6418,321,1080
Bronx,Westchester-Unionport,36005009200,0,12818,27077,36589,45625,2,6,10,16,9,8271.42887,23223.68493,83.37278069,202700,639,1031,437900,4260.99996230053,4188.99996293755,5,4185.9999629641,2580,41,44404.9996071239,188.99999832781,4168.9999631145,1046.9999907366,265,173299.998466717,432.999996169005,4877,494,630,5017,273,695
Bronx,West Concourse,36005006300,0,9772,17961,23758,28735,,5,0,7,14,7437.92663,18500.00064,100.3617658,88379.54271,581.4079426,815,242600,4993.27343332707,4165.45997174339,753.936401367188,5562.61979152994,555.682369232178,2199.02249145508,22408.1206165325,208.786145379323,6039.5685670602,246.815570258834,2153.99176025391,35060.2502699484,404.574819966427,5885.00000071526,153.294117689133,1868.70588302612,5280,196,1309
Manhattan,Turtle Bay-East Midtown,36061008603,0,38353,75644,110330,131190,,57,0,,83,14746.47472,64999.9991,260.0482388,493699.9827,1939.999953,2001,1000001,3718.61682990607,3317.47894636972,335.753377377987,3312.02118973436,3069.7537612915,25.1219866871834,200232.028369027,507.944736717915,4718.2589364295,4082.13148508799,115.431411743164,500001.018276267,1000.99998938167,4558.91326856613,3609.74096679688,89.7102813720703,4799,4174,47
Manhattan,Lenox Hill-Roosevelt Island,36061023801,0,25374,44518,49976,62156,,37,0,,59,500.0000143,,,32900.00032,1157,1611,222900,145.761989633756,90.9006201619923,50.6300392150879,1015.51896681776,665.194091796875,200.33154296875,21999.9991860072,459.000000309677,1194.98568078125,645.204722883354,284.812225341797,449999.991687133,887.999988569812,1389.04314875603,614.272216796875,389.719970703125,9723,4174,1982
Brooklyn,Prospect Lefferts Gardens-Wingate,36047079801,0,12220,30486,29747,41671,,13,0,,28,7029.069552,27330.09842,94.54442758,314800.0015,627.9999718,794,840000,3194.57755800337,2534.36224278063,515.596740722656,3270.42372219265,294.346008300781,2514.32006835938,61511.9995526374,221.999991583625,3705.85144199431,142.260681018233,3082.57666015625,238700.004956496,437.000005619695,3572.62949076295,112.393798828125,3009.87451171875,3037,513,2164
Brooklyn,Prospect Lefferts Gardens-Wingate,36047079802,0,12220,30486,29747,43235,,13,0,,22,7029.069484,27330.09764,94.5444248,314799.9942,628.0000078,951,634600,4934.42217607505,3914.63754625514,796.403259277344,5051.57600557222,454.653991699219,3883.6796875,61512.0020443585,221.999993484986,5724.14824952488,219.739307139767,4761.4228515625,238700.001785369,437.000002571071,5518.37078016996,173.606201171875,4649.12548828125,5451,756,3806
Brooklyn,Carroll Gardens-Columbia Street-Red Hook,36047005300,0,8329,20226,33850,68393,,4,0,27,46,5259.346735,8669.975692,66.02704701,124974.8571,561.2092131,1112,458800,3809.42829852208,3250.70119917642,477.803659826517,1879.59941436989,709.008462369442,126.138172149658,16900.6220066935,166.594025884096,1715.91421555294,506.942088961679,173.002805947792,131027.328836853,409.004352092851,1838,467,199,1888,1005,195
Brooklyn,Carroll Gardens-Columbia Street-Red Hook,36047008500,0,6117,7602,10372,15200,0,2,2,3,8,4158.78355,,77.53954603,275000,211,389,-999,8895.0000072486,2599.00000211794,6165,8424.00000686478,129,5855,27500.0000224099,123.000000100234,7932.00000646384,96.0000000782311,4934,70000.0000570435,170.000000138534,7278,95,4026,6956,89,3368
Brooklyn,Bay Ridge,36047005601,0,17812,37065,43922,57847,16,22,31,36,39,10326.73245,32682.92638,131.4822974,136300,795,1144,264500,3045.00002268702,3022.00002251565,2,2665.0000198558,2544,0,67687.0005043074,248.000001847744,2494.00001858175,2305.00001717359,4,263900.001966208,480.000003576279,2515,2111,28,2505,2070,23
Brooklyn,Bay Ridge,36047005602,0,15804,35024,45089,56713,10,12,36,49,46,9333.333333,34444.44403,115.921046,115900,726,939,309700,1446,1438,0,1225,1161,1,67812,221,1426,1313,3,238300,457,1523,1227,6,1586,1287,23
Bronx,Schuylerville-Throgs Neck-Edgewater Park,36005013200,0,21250,42154,54509,78125,,8,0,,31,11592.81511,26072.42185,124.8726109,196699.992,706.0000082,1095,454100,5506.34433075902,5475.44900510227,11.9594812393188,4910.36353260628,4251.595703125,24.915584564209,52752.0011046514,247.000010681086,4454.90663502133,3705.44583199313,31.8919486999512,186600.006065482,547.999994600215,5635.9053093195,3224.07666015625,213.277404785156,5890,2012,486
Brooklyn,Prospect Lefferts Gardens-Wingate,36047088000,0,13603,31690,37434,49652,6,12,15,15,19,7378.78819,24687.50104,103.2307647,185100,515,873,372400,2761,1484,1230,2818,173,2380,49468,217,2943,63,2683,164700,388,2721,14,2525,2863,52,2602
Bronx,Mount Hope,36005023100,0,7065,19097,15700,27228,,3,4,7,6,6687.090501,19375,86.28838833,144100,593,718,-999,2415.30210395272,1535.26697837328,805.18098449707,1466.35301327924,77.6507104635239,608.870603561401,27067.4582056008,188.984217495177,1301.99999090564,63.9999995529652,377,93799.9993448146,409.999997136183,1611,30,467,1537,28,542
Bronx,Claremont-Bathgate,36005039500,0,5604,8335,14527,27384,,3,7,8,5,4419.221219,16627.38802,77.43765107,178836.8932,491.7724426,622,361400,10821.274455489,6275.9259862077,4228.50688171387,3192.89362095125,70.8393850326538,1423.3421459198,22361.4560558924,174.333349797082,2560.00001699995,35.0000001684158,812,84826.733004887,281.388615580947,3414,48,980,4146,75,1347
Bronx,Norwood,36005042100,0,12593,27777,30272,35659,13,25,26,27,23,7681.45171,,92.08115558,95000,613,828,146700,4873.00000907667,4733.0000088159,44,5246.00000977144,2814,529,50000.0000931323,210.000000391155,6008.00001119077,1339.00000249408,808,47500.0000884756,397.00000073947,6831,730,1452,5922,486,1020
Bronx,Norwood,36005041900,0,12140,30635,26530,33426,,12,0,,25,8111.842132,38749.99808,88.95539717,252799.9908,616.9999739,901,248100,5935.93492254987,5868.44777315855,21.5176410675049,5566.22271284088,4047.27270507813,195.614929199219,57499.998086463,193.000004485671,5937.89107180759,2974.32494636253,449.914337158203,225000.004127294,417.999997206869,6735.99984067678,1367.34826660156,1083.70666503906,6734,817,1171
Bronx,Norwood,36005042500,0,12303,24172,27914,31381,7,10,14,14,11,8629.167134,20937.5,84.22600812,166200,628,943,476900,5428.99998735962,5347.99998754822,41,5072.9999881885,4095,115,37499.9999126885,188.99999955995,5232.99998781597,3151.99999266118,395,122499.999714782,420.999999019783,6530,1301,744,6793,873,744
Manhattan,Marble Hill-Inwood,36061029900,0,11271,22179,23272,21909,,5,7,10,10,8326.530255,,99.86912184,12100,437.7526821,519,137500,4804.99978519976,3129.9998600781,1506.99987792969,4148.99981452525,496.999969482422,1655.99987792969,,170.000006116174,4086.99981729686,203.999990880489,1448.99987792969,54999.9975413084,350.000012913013,3978.99999988079,119.833333313465,1138.33333325386,3834,61,886
Queens,Whitestone,36081099100,0,25648,48975,62341,84350,,31,39,35,43,16227.61387,39012.59359,208.0091737,227900,817,1113,397900,8360.83922691959,8192.2699869017,36.5917782969773,7002.47477658105,6558.70458984375,49.4176063537598,79741.9993032606,351.000004164916,6935.00000686239,6192.00000612717,50,314100.000310811,543.000000537315,6659,5527,44,6507,5128,97
Queens,Fresh Meadows-Utopia,36081133300,0,26321,54070,79397,86667,21,35,46,45,58,14648.78059,37444.5653,163.2142721,323000,1014,1372,641900,3871.0000072103,3833.00000713952,3,3524.00000656396,3249,6,74554.0001388676,325.00000060536,3497.00000651367,2929.00000545569,19,275900.000513904,808.000001505017,3864,2185,49,3679,1752,60
Queens,Fresh Meadows-Utopia,36081134700,0,22465,37227,50661,55283,24,35,35,42,48,13551.7243,29777.22881,194.0030694,202500,857,1323,448600,10169.9999905238,9896.9999907782,47,8692.99999190006,7731,197,63573.9999407632,343.999999679469,7627.9999928924,5985.99999442238,959,220499.999794543,566.999999471682,8952,3558,2258,9572,2321,1321
Queens,Oakland Gardens,36081136700,0,22835,41759,45846,65211,15,21,27,37,43,13745.5753,32301.03634,145.0939832,104800,903,1194,277100,6457.99995639501,6445.99995647604,1,5057.99996584794,4857,2,62768.9995761781,242.999998359242,5619.99996205326,4374.99997045961,65,214399.998552352,502.999996603699,5721,3229,65,5879,2292,56
Queens,St. Albans,36081040400,0,13512,32638,37034,49375,,8,0,14,17,9130.289114,21089.94879,136.915421,161100,650,920,388100,4212.17329159796,218.760545433732,3937.85867118835,4009.49813675122,95.9409506320953,3712.46870136261,39918.4314624641,256.606020032385,3709.71450659087,38.1508066157864,3491.81293773651,137255.274000919,491.204247057063,3959,29,3573,3918,34,3314
Queens,Laurelton,36081061601,0,28188,58388,71100,97666,,16,0,,29,16357.43186,27043.92555,138.6250558,193731.8069,625.7536201,850,427700,2343.9007954679,1636.72221737495,694.042500495911,2267.94892547093,234.095589399338,1881.41091537476,55212.8498217866,264.411794996411,2151.28878305317,88.8708944153041,1965.4855890274,165951.311820389,670.910476087704,2207.26156512275,45.6259552836418,2081.46534538269,2180,37,2012
Queens,Laurelton,36081062000,0,30574,61744,59736,84609,,25,0,,34,13733.06634,25669.77968,1.576673149,190163.5953,762.0645399,1142,444800,1470.8038541209,947.694938136265,512.013866424561,1565.93272609636,177.463598132133,1252.46168422699,50581.2252901392,249.602512050619,1505.77325101011,75.6082501281053,1306.81542015076,175079.31291638,665.394966341384,1579.7542126514,42.43717867136,1454.49969959259,1440,23,1311
Queens,St. Albans,36081037600,0,21850,41535,46549,70767,,11,0,21,22,9493.798711,21596.66517,120.152366,172500,754,999,415500,5952.3348817972,394.408593245031,5479.64039039612,5397.7282624987,107.187240183353,5069.40118026733,40449.0394669913,218.126248742602,5510.90873804206,69.3158851824823,5209.51650619507,146471.567411094,528.313861571538,5975,27,5583,5598,28,5153
Brooklyn,Bushwick South,36047042300,0,4847,13523,20889,36578,1,3,0,12,9,4759.091031,13125,67.8682165,152600,576,1081,617300,4429.99984734692,3587.99987636134,780,2472.99991478305,294,126.999992370605,20624.9992892845,175.999993935227,2937.99989875965,109.999996209517,168,99999.9965541065,411.999985802919,2634,73,180,4217,498,332
Queens,Hunters Point-Sunnyside-West Maspeth,36081001900,0,5648,22411,37063,73690,,4,0,39,72,6159.999548,11750.00013,69.65516789,287500,550,1418,534300,1122.72736757295,907.779563451678,196.952178955078,773.87089678548,308.87089818716,56,27499.9999501904,161.999999706576,620.974403746719,256.002531124391,30.6220701336861,137499.999750952,429.999999221159,794,300,26,1076,578,47
Queens,Hunters Point-Sunnyside-West Maspeth,36081017100,0,0,,,-999,,,0,,,6159.999845,11750.00039,69.65516882,,,-999,-999,.272590862688958,.220402941515204,.0478187017142773,6.12910139560699,6.12910127639771,0,,,225.025579810143,182.997455954552,4.3779296875,,,21,8,4,8,4,0
Queens,Old Astoria,36081008300,8600,13714,35673,35781,47879,2,7,16,19,27,8600,23888.88926,80.71428571,283800,710,1101,672600,1997.0000199934,1929.0000193126,29,2415.0000241783,1183,286,47222.0004727733,212.000002122484,2679.00002682139,995.000009961659,201,250000.002502929,522.000005226117,3114,720,263,2950,867,255
Queens,Old Astoria,36081008100,0,13250,26250,29650,55917,,6,0,18,40,8305.555974,17187.50057,85.90908435,267200,922,1345,576900,543.941535173649,538.951245860129,1.99611568450928,617.79781701374,299.417358398438,12.9747524261475,30417.0001221072,206.00000723976,651.731784345674,241.530002774354,29.9417362213135,199999.994850754,597.999994695281,978,190,66,1188,356,50
Queens,Old Astoria,36081008700,0,8086,15111,14755,24336,,4,0,6,7,6260.911045,16256.32959,86.19600881,162500,311,582,379400,5222.05844377447,2094.04874381415,3075.00388426287,5752.20215968777,513.582639455795,4127.02524770796,25028.9015788827,145.011887958416,4991.2794013232,256.46999493034,3384.06106558372,56083.0838801252,282.07389494626,4545,254,2567,4582,279,2140
Manhattan,Lower East Side,36061002000,0,6677,8487,11963,17022,,2,0,,9,5314.891833,,81.39100616,624978.6909,237.0021851,361,-999,7101.06360426592,4837.78601526693,2095.25052237511,6568.98283012072,189.025981262326,1260.17887705565,,132.99999900933,6110.8811129515,122.017162470894,961.148014470935,0,184.004102486861,5174.22799203623,93.0049817156978,870.041469417512,4917,87,777
Manhattan,Lower East Side,36061002400,0,7548,12535,16396,18395,,1,0,,11,4811.764566,,82.46268319,221399.9921,286.0000037,399,-999,6032.54096561908,4458.09689124655,1420.83972167969,5574.40721056911,147.352966308594,1014.50280761719,,132.999995466685,4997.49803754321,97.3422598449267,839.46533203125,0,211.000004659003,5079.43589925766,110.987670898438,923.897399902344,5434,430,986
Queens,park-cemetery-etc-Queens,36081062400,0,24423,40625,65885,-999,,9,0,,,10400.00026,23702.53322,125.9999963,185899.9922,684.0000235,-999,-999,519.876650691032,206.778635621071,308.912200927734,613.638623118401,64.4613571166992,504.807769775391,46951.0009148839,225.000005654006,562.571834564209,26.789134979248,476.344299316406,160099.997858771,437.999987526007,561.734674096107,19.2546901702881,506.482086181641,1,0,1
Queens,Laurelton,36081062600,0,22580,41443,54527,81550,,8,0,,23,10476.96034,22656.58229,122.4559047,180953.4427,815.167924,1038,390900,2749.36455743574,932.293148953468,1794.88328456879,2742.57845413685,208.897053956985,2358.68731880188,44198.2355443687,227.985084091947,2550.28338503279,120.203970713541,2275.40810012817,155353.691616261,560.323192523298,2693.2457550019,54.8653537631035,2445.76256561279,2620,30,2360
Queens,Briarwood-Jamaica Hills,36081021400,0,16771,36156,43227,51313,,21,0,,29,10366.72532,22525.13245,142.6650279,194410.8069,725.3092462,1068,444400,5479.68272875936,5119.38332465105,163.203924179077,5236.58987688005,2474.10441589355,677.728450775146,41151.4175191013,271.623623596109,5787.48984256759,1692.61597770406,823.008409500122,170530.78761966,541.862133724389,6226.99999016523,1206.25840759277,887.701469421387,6194,892,722
Queens,Maspeth,36081060100,0,19196,32989,47188,55435,3,6,18,15,14,10058.13924,23012.82162,98.48484979,224400,761,1020,405600,2051.99998805579,2047.99998807907,1,1720.99998998246,1697,0,47580.9997230421,202.999998818384,1610.99999062275,1450.99999155407,0,193499.998873682,533.999996891711,2003,1487,13,2111,1393,23
Queens,Middle Village,36081060300,0,16118,31875,50847,48445,5,7,8,15,27,9471.154657,26489.36036,98.61111642,229200,752,1045,617500,1748.00001200615,1746.00001199241,0,1521.00001044699,1491,0,56643.0003890527,218.000001497334,1451.0000099662,1353.00000929309,2,193000.001325621,533.000003660913,1560,1274,12,1706,1119,16
Manhattan,Chinatown,36061002700,9375,14527,26513,28438,53125,16,22,29,19,41,9375,,48.03738392,186300,508,644,496800,1692.00000787899,969.000004512258,37,1410.00000656582,621,33,21000.0000977889,222.000001033768,1335.00000621658,484.000002253801,41,500001.002328311,462.000002151355,1517,290,28,1264,241,14
Manhattan,Upper West Side,36061016700,8500,18323,48654,93323,134196,33,55,0,,83,8500,,142.7343791,548971.0165,1322.865844,1723,1000001,7947.99994078279,7128.99994688481,492,7200.48521357402,5868.28260278702,381.050666149706,174999.998696148,339.999997466803,7381.47188922216,6324.11723404887,265.101332299411,499336.027489311,660.751252710592,6940.44529817998,5923.43197512627,160.101332299411,6564,5454,148
Manhattan,Lincoln Square,36061015900,0,18094,42136,75327,117984,34,51,66,77,85,8279.904342,,151.6747325,413400,943,1626,893200,10567.0001180954,10117.0001130663,239,9618.00010748953,8378,480,93333.0010430776,329.000003676862,9348.00010447204,8327.00009306148,229,500001.005587947,573.000006403774,9293,7867,237,9623,7995,201
Manhattan,Upper West Side,36061016300,0,15258,45032,78606,100617,28,48,0,,79,6464.673931,62500,130,531938.704,1038.458748,1678,926300,8947.99998333305,8221.99998468533,511,8295.05880837142,7111.58823394775,252.867647051811,89999.9998323619,310.999999420717,7777.70586811285,6713.63234066707,264.735294103622,487552.13586764,623.036004246885,6843.99999952316,5773.64705657959,229.735294103622,6624,5483,181
Queens,Baisley Park,36081028800,0,17238,32500,44348,68257,5,7,8,15,20,8939.393917,19277.77763,135.5660411,151800,725,993,423800,4546.00006350689,210.000002933666,4291,3546.00004953705,62,3352,33925.0004739268,225.000003143214,3465.00004840549,21.0000002933666,3253,118000.001648441,534.000007459894,4366,27,4011,4230,23,3604
Queens,Maspeth,36081049301,0,19159,41250,43600,61095,,9,0,,35,11652.77718,27412.58709,115.5555669,215700.0043,763.9999793,1226,519200,1910.84976576548,1875.07722724881,0,1790.61428908445,1656.46728515625,0,57687.9979714579,233.999991771619,1695.22085303999,1392.14795727376,0,203699.993802514,578.999998732243,1827.38048011065,1200.36743164063,5.96208953857422,2134,964,15
Queens,Maspeth,36081049700,0,17292,38542,41892,61012,2,8,13,17,18,10320.26152,25663.71619,107.4324331,232400,863,1250,613900,2500.99996506143,2470.99996548053,0,2152.99996992294,2027,0,56257.9992140848,228.999996800907,2260.99996841419,1802.99997481238,4,212499.997031409,585.999991813675,2638,1609,32,3021,1267,22
Manhattan,Lenox Hill-Roosevelt Island,36061012400,0,17600,47330,67653,86857,34,54,69,74,80,7634.796271,,98.00884613,334900,1203,1736,1000001,7185.00008029863,6875.00007683411,100,8081.00009031221,7088,189,225000.002514571,328.000003665686,9973.00011145696,8454.00009448081,233,500001.005587947,747.000008348376,10714,8376,275,10218,7827,309
Manhattan,Lenox Hill-Roosevelt Island,36061013200,0,17371,46737,65477,72258,35,48,62,76,79,8116.504741,,147.542374,238200,1132,1577,675700,9841.00018330291,9584.00017851591,81,9072.00016897917,8084,148,65000.0012107193,311.000005792826,9149.0001704134,8071.00015033409,162,325000.006053597,716.000013336539,9690,8197,179,10590,8401,287
Bronx,Mott Haven-Port Morris,36005001900,0,9413,11651,22772,25093,1,0,2,4,7,4913.737545,13600.17123,74.56708673,116340.4762,420.3843844,715,-999,3547.00006140472,2519.00004276243,864,1483.00002380222,122,168,19850.0002922898,161.43446863818,1589.00002498386,107.000001465669,265,75922.6426903739,345.38400578703,1584,91,471,1917,187,502
Bronx,Mott Haven-Port Morris,36005002300,0,5948,7925,14112,13756,,3,3,6,5,4995.614345,,65.39297415,187500,216,355,-999,5332.47226290673,2929.62026065663,2203.7880859375,4810.39890876408,206.575790405273,2046.03930664063,24999.9993443721,110.000000244262,4665.00017378479,74.0000027567148,1837.00012207031,0,184.999993693069,4338,50,1542,4933,41,1628
Staten Island,Port Richmond,36085020700,0,14697,31919,32983,39902,,4,0,,11,7521.348199,16496.69064,91.61297057,146384.2777,584.7819653,979,350500,4337.7175884876,3326.5229380769,971.510574955493,3781.28989670996,2216.81013667583,1115.52046561241,34639.8301213437,202.260739262602,3795.9721767485,1704.33898473385,1330.93990850449,120279.972783028,489.696553248899,5142.05915865302,1201.53669166565,1880.93726634979,6399,833,1968
Staten Island,Port Richmond,36085021300,0,17777,42235,46747,63287,,5,0,,22,9470.790215,19048.34128,100.4461789,159401.9978,678.8486077,1121,394000,4826.08582226819,4783.45910743425,37.1726779937744,4305.38952947575,3961.31439208984,97.9024887084961,43436.472452622,211.795783399073,4213.82960261821,3377.60969329964,240.529205322266,152455.603958372,509.582328976649,4770.94087266922,2718.43704223633,693.857803344727,5376,1755,892
Brooklyn,Bath Beach,36047028000,9920,14966,24828,42500,55865,3,3,9,24,25,9920,25238.09535,93.07691491,207100,604,856,600600,1708.99998090044,1640.9999816604,51,1449.99998379499,1330,21,60780.9993207194,207.999997675419,1390.99998445436,1128.99998738244,6,193799.997834116,453.999994926155,1685,1043,31,1761,873,13
Brooklyn,Bath Beach,36047028200,0,17230,34643,38382,34362,9,17,17,25,22,8881.818079,28088.23323,125.1197585,285100,801,987,595200,3041.00000548729,3022.00000545301,2,2558.00000461575,2419,0,61489.0001109531,239.000000431261,2585.00000466447,2108.00000380375,17,193300.000348798,527.000000950939,2890,1970,11,2943,1706,27
Queens,Richmond Hill,36081014201,0,11240,29338,32068,50991,4,3,17,11,15,7310.810838,22211.53817,96.48648618,197600,733,1136,496600,1736.00001455098,1722.00001443364,0,3377.00002830569,1044,298,38913.000326165,218.000001827255,3745.00003139023,512.000004291534,968,165500.001387205,596.000004995614,4374,277,788,4348,170,631
Queens,Richmond Hill,36081014202,0,16496,38581,37625,49913,7,9,9,11,24,9430.232877,20967.74273,100.3571382,195100,735,1136,516300,2250.99999659334,2134.99999676889,29,2608.99999605154,1173,228,36758.999944369,237.999999639811,2483.99999624072,762.999998845276,462,159999.999757856,588.999999108608,2953,286,495,2838,206,449
Queens,Briarwood-Jamaica Hills,36081045200,0,23125,34717,47367,66063,,34,0,,20,10180.43,30812.99552,128.1853224,244710.8068,650.3719038,985,734000,336.867908844491,323.376696420601,1.13523106276989,596.455252032494,413.354198932648,30.9284195899963,62487.6670545348,266.486843116684,967.969805297675,536.271611679345,68.4015307426453,221357.12615924,626.056749733655,1239.88827370061,467.399789571762,235.059787273407,1153,345,195
Queens,Briarwood-Jamaica Hills,36081045400,0,18994,35370,46154,49590,,29,0,,42,10943.8207,31587.29942,160.3878041,205200.0063,734.9999817,1215,504500,2700.05826886743,2492.5916564092,53.8615226745605,2867.62745585293,1434.3125,398.974243164063,60800.0017621406,291.000003453591,3535.90933252126,781.989539265633,1017.38433837891,224999.998431107,630.000018036698,4235.1116822958,357.081970214844,1095.18432617188,4773,234,730
Queens,Middle Village,36081066501,0,21173,36847,52184,56221,,10,0,,23,11923.01229,27554.49079,142.6604858,294500.4011,850.7677535,1140,628000,3743.02456068014,3735.4134494328,0,3594.17624327457,3531.96874809265,.985567569732666,59019.9997048911,267.417759071067,3489.40657111797,3335.08607950516,3.9971706867218,220624.054770068,619.926468824497,3221.18653181195,3004.56161499023,3,3275,2927,4
Queens,Middle Village,36081066900,0,22865,40663,54167,66063,8,12,0,29,27,12145.52205,31162.79029,142.215187,271800,853,1237,622700,2192.00002449751,2172.00002427399,0,1925.00002151355,1861,1,63546.0007101819,264.00000295043,1735.18001496038,1629.08806068455,.002829325851053,225595.909047468,648.945585523074,1702,1520,4,1706,1434,3
Brooklyn,Crown Heights North,36047030700,0,4599,7347,10516,16158,1,3,2,4,6,4197.08012,11875,76.48190667,163200,230,382,483100,6543.00004722574,573.000004135771,5916,3563.00002571684,51,3378,26875.000193977,116.000000837259,3791.00002736249,30.0000002165325,3466,137500.000992441,177.000001277542,3734,8,3313,4544,56,3822
Brooklyn,Crown Heights North,36047034700,0,8037,11548,16078,29602,2,5,3,7,17,5837.398406,18333.33333,84.48581968,167200,421,749,350000,3639.99998643994,186.999999303371,3410,2340.9999912791,16,2189,34999.9998696148,180.999999325722,3334.99998757616,9.9999999627471,2954,77499.99971129,303.999998867512,3140,11,2792,3228,52,2705
Queens,Flushing,36081085700,0,14672,26891,30984,35671,13,25,25,24,23,8297.520498,29545.45417,129.696423,87300,720,1170,338800,4030.99996996671,3761.99997197092,69,4976.99996291846,2093,225,61249.9995436519,262.999998040497,5599.99995827675,1428.99998935312,349,237499.998230487,508.999996207654,6207,898,230,5953,384,164
Queens,Hunters Point-Sunnyside-West Maspeth,36081019900,0,8318,21332,44659,51164,,5,0,4,8,6366.666192,15000.00072,53.48837283,215800,739,895,363600,645.655203647636,642.70251216754,0,494.08370766938,380.897186279297,5.90538311004639,22500.0006402344,124.999995539506,1454.7882953527,507.885244209874,456.995251655579,81299.9970529668,420.881016988229,1334,335,333,1028,179,265
Queens,Astoria,36081015100,0,16078,26301,39788,62083,7,6,17,28,44,7977.272818,22500,85.31999684,253800,738,1204,634500,2845.99992578477,2787.99992729723,0,2960.99992278591,2225,11,50404.9986855872,200.999994758517,2801.99992693216,1798.99995308742,21,180699.99528788,510.999986674637,3148,1622,42,2794,1510,43
Queens,Astoria,36081016300,0,11398,20729,25102,28555,,3,0,,12,9080.508937,26999.9996,94.3650871,227400.0012,357.0000078,537,686100,5523.73265470192,4305.76056808233,1074.44677734375,5324.39188766107,1867.82299804688,1320.63256835938,48749.9974102186,148.999995365099,4954.6147648003,1228.93582880683,1231.92590332031,209899.989486818,376.999989197671,4531.01549088955,825.270751953125,1234.916015625,4382,707,1217
Queens,Oakland Gardens,36081129103,0,20082,43069,52010,70805,,25,0,,48,11736.64999,41659.29278,163.4254934,88260.63775,735.9192359,844,228800,5020.42146531277,4971.16973473266,23.1620106697083,4082.64845329808,3804.0843385458,50.8299713134766,81347.0707657831,285.999991669319,3693.26283027364,3218.25685919612,62.9751892089844,294197.709372167,431.000010392879,3681.77531425655,2552.27634906769,155.188842773438,3566,2360,143
Manhattan,Lenox Hill-Roosevelt Island,36061011800,0,26159,51355,85223,107442,41,52,65,75,81,10449.43836,65000,246.2674908,396200,1334,2001,888000,9290.99986155331,8890.99986751378,256,8591.99987196922,7810,191,207691.996905148,501.999992519617,8378.99987514317,7701.99988523126,132,500000.992549405,956.999985739589,8605,7515,113,8767,7532,124
Manhattan,Lenox Hill-Roosevelt Island,36061012600,0,25629,57133,75747,94065,44,55,67,76,81,10822.12881,65000,231.1016089,346900,1243,1787,794200,13306.9999504276,13017.9999515042,101,13418.9999500103,12498,124,204999.999236315,448.999998327345,12896.9999519549,11873.9999557659,159,500000.998137351,819.999996945262,12895,11404,179,12774,11018,228
Queens,Douglas Manor-Douglaston-Little Neck,36081147900,0,23352,47440,61530,77315,20,30,36,44,51,12183.83376,27720.82506,161.9658041,274700,901,1190,587900,4228.99995547577,4166.99995612853,9,4130.99995650755,3731,15,63481.8353972173,332.999996494073,3865.99995929755,3032.99996806763,15,238399.997490051,672.999992914447,3904,2567,20,4241,2178,62
Queens,Douglas Manor-Douglaston-Little Neck,36081150702,0,25850,54639,61579,77778,27,29,35,44,49,14811.11156,37372.20387,168.2584293,354100,872,1231,671500,3521.00001967512,3509.00001960807,4,3279.00001832284,3077,12,81538.0004556291,302.000001687557,3163.00001767464,2681.00001498125,17,311200.001738966,683.00000381656,3229,2251,19,3178,1855,36
Manhattan,Washington Heights South,36061025500,0,13925,29752,35109,40294,15,34,0,,54,7521.22678,,98.55882353,121749.7553,676.3475759,1172,611700,5617.00002615619,5117.00002382789,228,6800.53724290803,3057.3837223053,333.07674446702,65000.0003026798,232.000001080334,6287.75586399995,2153.68606623169,345.72675037384,0,491.033775121527,6888.33606238663,1723.03605031967,423.263961791992,5771,1800,420
Staten Island,Annadale-Huguenot-Prince's Bay-Eltingville,36085015602,0,26954,54369,72292,82844,,14,13,24,30,12737.84078,29219.08028,111.4466709,240900,1393,2001,519600,3490.28737812729,3471.05017918962,4.09973239898682,4043.99999764608,3909,11,64745.9999623129,213.999999875436,3483.99999797205,3276.99999809254,6,199299.999883992,564.999999671127,3512,3250,9,3320,3033,10
Staten Island,Great Kills,36085014604,0,24957,50214,56152,82546,,16,0,19,30,12370.92263,30986.46032,126.8918882,224400,681,943,487800,2300.15825137465,2295.20511947671,3.04808115959167,5247.65274079561,5048.38427734375,8.38222312927246,64776.9985880248,248.999993807222,5313.56749605282,5010.66442998643,5.33414220809937,186700.006509261,538.999998016874,6600,6106,17,6422,5670,54
Staten Island,Great Kills,36085015601,0,24337,47475,61463,79526,10,15,17,24,28,12457.69221,28162.33842,131.7073242,229600,709,914,500800,7067.99998210359,7023.999982215,10,7039.99998217449,6760,3,61948.9998431431,246.999999374588,6293.99998406338,5903.99998505088,19,186199.999528535,546.999998614978,6437,5926,19,6330,5706,32
Bronx,North Riverdale-Fieldston-Riverdale,36005034300,0,20789,43833,60417,51747,,21,0,,34,10878.78826,31323.52546,154.9698783,307600.006,714.0000032,1102,571800,1533.02165018697,1447.19611378654,33.541015625,1605.03618072986,1372.22204589844,67.08203125,70881.9994458016,265.000005820386,1504.4131380535,1145.32698575745,84.8390350341797,250799.994144975,514.000007156146,1548.80560040474,911.5263671875,192.367568969727,1649,745,250
Bronx,Bedford Park-Fordham North,36005039901,0,8669,18319,19375,21418,7,4,7,8,10,7649.350735,21666.66598,81.60142788,164900,579,798,436500,4203.9999412708,4087.9999428913,77,4554.99993636739,1602,710,34166.9995226925,195.999997261912,5620.99992147554,445.999993769452,1085,91699.9987189658,420.999994118698,5550,272,1141,5228,168,1103
Queens,Steinway,36081012301,0,19837,37942,44128,60057,4,9,16,24,31,9696.291415,26250,109.9772923,239798.9691,766.5040214,1179,587800,3235.00001477636,3217.00001470931,6,3003.00001511537,2732,0,58113.0324136546,218.698836383569,2558.00001296215,2151.00001073815,10,223667.790575133,614.408164936521,3402,2513,37,2910,2228,41
Queens,Steinway,36081013500,0,20533,36667,39583,57384,4,8,15,32,21,10981.13212,24779.41273,121.2328782,269700,760,892,651900,1407,1406,0,1535,1446,0,58672,240,1488,1347,3,222900,612,1764,1398,6,1411,1154,10
Queens,Corona,36081042700,0,14279,29079,36652,54130,4,8,9,10,11,8184.210167,21458.33388,114.8611184,288500,749,1284,526200,2555.99999047816,2459.99999083579,29,2597.9999903217,1590,42,46561.999826543,239.99999910593,3084.99998850748,1049.99999608845,58,194599.999275059,655.99999755621,3822,612,54,4604,315,37
Queens,Ft. Totten-Bay Terrace-Clearview,36081099703,0,26900,53017,58253,92216,,34,0,,48,17417.95352,52696.63126,269.3929869,185600.0003,1130.999964,1463,483300,3223.14408606384,3172.4951096857,24.7215232849121,3839.07181666233,3517.390625,53.6637954711914,76029.0011016172,433.000012091992,4493.89072555117,3890.32375704497,48.8400840759277,234499.992764768,854.99998294914,4271.9998267293,3199.025390625,67.8334503173828,3892,2565,106
Queens,Ft. Totten-Bay Terrace-Clearview,36081099704,0,26900,53017,58253,67210,,34,0,,53,17417.95445,52696.63078,269.393,185599.9942,1131.000045,1494,323000,5408.2974656336,5323.31065670773,41.4816551208496,6441.79776703566,5902.0302734375,90.0455474853516,76028.9975163066,432.999995828386,7540.55579672009,6527.79632368684,81.9515686035156,234500.008144039,854.999964681847,7168.2325810194,5367.82763671875,113.821617126465,6868,4989,96
Queens,St. Albans,36081036600,9625,18812,29833,42333,45000,11,9,18,16,12,9625,21426.88722,139.4859818,163000,405,932,372800,2759.00000770856,146.000000407919,2567,2191.00000612158,44,2072,40727.0001137899,220.000000614673,2377.00000664126,22.0000000614673,2214,146000.000407919,385.000001075678,2638,16,2498,2592,24,2362
Manhattan,Midtown-Midtown South,36061007600,0,7254,25152,41276,59688,11,28,51,60,61,4611.940427,,124.8648702,631300,1069,1396,1000001,1518.99999354553,1229.99999477353,195,1892.99999195634,982,346,27499.9998831481,225.99999903969,1758.99999252573,998.99999575509,123,0,646.999997250794,2493,1069,98,2277,1131,78
Bronx,Soundview-Castle Hill-Clason Point-Harding Park,36005009000,0,9771,13812,15770,24129,,3,0,,11,9615.891923,24986.21541,94.50022996,189664.6855,270.0258095,352,372500,4210.28994100006,3528.72931096819,645.610583305359,4072.51803143581,413.976669311523,1653.86585521698,45181.6422125343,144.558595592508,3705.02395879589,188.94105445249,1403.45737743378,166303.267169585,217.155172855634,3669.53802752495,146.468948364258,1246.56008148193,3667,100,1113
Bronx,Schuylerville-Throgs Neck-Edgewater Park,36005019400,0,15833,28750,51705,40455,2,5,8,17,23,11274.50943,22714.28431,93.75,203600,806,1121,447800,1658.99996040773,1656.99996045546,1,1550.99996298517,1365,0,47499.9988664058,226.999994582613,1470.99996489438,1175.99997193459,6,178299.995744845,499.99998806743,1666,795,41,1903,512,217
Bronx,Eastchester-Edenwald-Baychester,36005045600,0,20066,41375,59110,64688,6,9,19,23,24,11272.95124,24257.98577,119.3808257,221496.3875,805.2640587,978,473000,2665.99997614278,2499.99997780682,136,2430.99997863488,1517,558,54712.0312696729,253.857140613404,2379.99997871206,888.999993554666,1136,178789.893175009,565.636358423428,2883,733,1601,2896,522,1714
Queens,Breezy Point-Belle Harbor-Rockaway Park-Broad Channel,36081107201,0,18628,39007,51818,80435,1,2,6,12,18,9318.181627,14406.77912,91.25,165000,734,1067,453700,2901.99999755068,2895.99999755574,2,2574.99999782667,2521,5,30153.9999745497,196.99999983373,2482.99999790432,2428.9999979499,2,127599.999892304,524.999999556894,2630,2463,3,2443,2208,14
Queens,Pomonok-Flushing Heights-Hillcrest,36081122701,0,21240,37232,50008,55664,7,17,20,25,33,11818.77085,28162.16233,88.31999971,189300,584,1048,397400,9222.99988833535,8845.99989289977,315,8086.99990208913,6977,376,55076.9993331721,187.999997723848,8973.99989135005,6309.99992360361,628,215799.997387268,386.999995314516,9953,5177,923,10910,4108,1107
Queens,Pomonok-Flushing Heights-Hillcrest,36081122702,0,12936,19429,23079,23513,5,11,10,15,18,9239.247481,25833.33506,104.6635541,215000,408,504,446800,8353.99980549328,7026.99983638991,1237,6589.99984656461,4719,1030,50956.9988135649,178.999995832331,5941.99986165203,3566.99991694931,1189,186199.995664693,347.999991897494,6263,2019,2143,6427,1348,2436
Staten Island,Arden Heights,36085017010,0,26491,56278,67774,92472,,21,0,25,32,12833.33392,28767.1212,124.0909058,173300,698,1043,381500,578.247729256116,563.826996842125,11.1110563278198,3605.89231984609,3308.73071289063,39.4797096252441,68569.0022872773,263.999993413042,6205.30072569474,5511.82964369769,67.8285598754883,174400.002396457,541.000014449013,9278,7666,188,8583,6847,179
Queens,Far Rockaway-Bayswater,36081103202,0,11311,28676,34942,48472,,14,0,20,29,7861.111513,26679.99953,113.7416409,231700,698,1011,622100,6764.37754350553,5109.72711724641,1606.05847167969,6618.60170503647,2767.21655273438,2849.25512695313,47707.9998053389,209.99999381496,6551.70889604202,1984.69702158083,3085.27294921875,177999.997507162,440.000015269217,6670,2619,1818,6197,2961,1406
Queens,South Jamaica,36081026000,0,7292,18981,22466,43409,2,2,8,8,12,6208.333333,15795.45417,86.8817177,141400,452,775,364500,2241.00002921931,112.000001460314,2114,1626.00002120063,20,1574,30833.0004020166,151.000001968816,1749.00002280436,9.00000011734664,1651,104800.001366436,394.000005137175,1636,4,1444,2339,19,1711
Queens,South Jamaica,36081026200,0,12500,22026,51307,49972,3,2,11,10,5,7609.755587,17697.36925,127.1052661,155800,681,1593,383300,1043.99998152629,63.9999988675117,978,935.999983437359,13,887,31338.9994454524,217.999996142462,1108.9999803761,3.99999992921948,1008,126099.997768644,449.999992037192,1144,12,1022,1465,4,1182
Queens,Hunters Point-Sunnyside-West Maspeth,36081018700,0,18727,36157,41275,61094,,12,0,27,29,10026.63258,24865.22081,104.9170335,222300,731,1098,653600,2909.72863187348,2855.55485967842,5,2646.72585647132,1866.31106519699,4.13573624193668,54438.0293065506,225.926175817877,2762.24353535209,1608.1308444263,32.9820868708193,213413.690052397,518.570928514105,3142,1281,79,3088,955,86
Brooklyn,Gravesend,36047038600,0,16498,28254,26129,42782,2,8,0,13,21,9810.810938,21041.66667,107.0588202,233400,685,1058,618900,3383.00003918639,3360.00003891997,2,3003.00003478472,2865,5,43043.000498581,230.000002664165,2899.36764775299,2250.25310272493,117.14583016932,179148.858548452,487.181404049382,3377,1988,95,3477,1805,37
Brooklyn,Gravesend,36047039800,0,14301,22750,31078,33313,4,5,8,11,26,8426.829161,23750,89.30555462,247600,667,838,561800,2478.00002192426,2469.00002184464,1,2120.00001875684,2052,1,48333.0004276293,210.000001857989,1941.00001717312,1684.0000148993,7,199000.001760665,496.000004388392,2391,1437,16,2644,1166,20
Brooklyn,DUMBO-Vinegar Hill-Downtown Brooklyn-Boerum Hill,36047002300,0,8811,12804,9876,18702,1,2,5,2,9,5331.93274,,82.37209229,25700,268,362,108500,5231.99986356497,1189.99996896833,3854,4949.99987091869,66,3904,27499.9992828816,138.999996375293,5105.99986685067,37.9999990090728,3676,224999.994132668,216.999994341284,4314,41,2549,4247,32,2276
Manhattan,park-cemetery-etc-Manhattan,36061000500,0,14988,35735,,-999,18,28,34,,,2819.696949,,0,,0,-999,-999,3985,3577,219,3489,2719,283,,252,2813,2101,361,55000,642,2,2,0,0,0,0
Brooklyn,Carroll Gardens-Columbia Street-Red Hook,36047004700,0,7125,37567,52004,104875,,17,0,,66,6565.990632,31363.63591,67.22761032,315652.7318,708.0107608,1390,702800,840.990561364697,752.767928055642,43.7691927552223,423.851098985226,131.37121129036,11.772825717926,29218.6410090471,156.329596419852,459.671941842054,206.755154315338,41.5265612155199,96758.6685317294,418.240109628765,1166.00000178814,508.387325286865,181.105633974075,1445,729,202
Bronx,Crotona Park East,36005015500,0,5252,11111,17616,22250,0,2,3,8,7,4264.084516,,83.1159465,216700,321,659,-999,7002.00019563362,3852.00010762364,2890,1970.00005504116,24,761,5000.00013969839,131.000003660098,1943.00005428679,19.0000005308539,551,95000.0026542693,249.00000695698,2779,21,659,3005,30,603
Bronx,Crotona Park East,36005016100,0,5880,9098,16308,17011,1,6,2,6,5,4428.571234,,79.27500338,176700,387,541,500000,11095.0001046219,5079.00004789315,5633,2454.00002314034,32,1442,36250.0003418245,149.000001405017,4289.00004044373,31.0000002923189,2015,162500.001532317,259.000002442277,4755,31,1777,4380,41,1478
Bronx,Soundview-Castle Hill-Clason Point-Harding Park,36005002000,0,9729,14765,14691,24939,,3,6,6,13,6730.302913,24187.49939,91.6521695,211500,248,420,398100,10029.1913445623,5065.92617916277,4787.55712890625,8784.42655268306,277.382171630859,4929.703125,44700.0010483148,143.999998124941,9109.99976031715,152.999995974591,4413,165599.995643087,247.999993475154,9068,130,3873,8731,112,3101
Queens,Queensboro Hill,36081083700,0,23964,35821,49766,49868,11,17,23,26,31,12218.7502,28333.33442,130.822787,217500,776,1225,497700,4658.0000303667,4599.00002998207,5,3889.00002535339,3326,12,59499.0003878893,253.000001649372,4142.00002700277,2338.00001524203,35,207400.001352094,684.000004459172,5129,1392,40,5388,740,72
Queens,Flushing,36081079701,0,18229,29623,37897,50210,,35,0,,49,12943.68931,27818.18236,182.1606549,93699.99995,803.0000025,1178,274500,5638.17586603761,4630.46554139256,221.427871704102,5459.44758206606,2330.177734375,625.85400390625,54714.0001162238,295.000004125136,6398.22856852412,1664.06402277946,520.934997558594,209899.999934347,591.000001975567,7251.00002652407,916.211181640625,390.396240234375,7055,607,337
Queens,Flushing,36081084500,0,14618,24314,32609,34795,17,17,22,25,24,11628.86601,29000,171.5976193,183800,689,931,562500,3674.00003079511,3454.00002895109,119,3920.00003285706,1384,1666,55250.0004631002,261.000002187677,4414.00003699772,1198.00001004152,1373,217700.00182474,485.000004065223,4883,865,1251,5318,518,752
Queens,Flushing,36081085900,10300,14581,33051,37027,33598,15,23,28,33,22,10300,35000,118.3606527,68600,702,941,230000,4294.99991399935,4172.9999164422,57,3805.99992379081,2658,129,24499.9995094258,238.999995214399,4308.99991371902,1654.99996686121,206,271399.99456564,476.999990448821,4950,1025,199,5873,552,127
Manhattan,Hudson Yards-Chelsea-Flatiron-Union Square,36061005200,0,22127,45470,82882,144688,,65,0,82,83,9389.256307,65000.00138,247.9275009,450000,1556,1888,1000001,1236.26187678854,1158.46803791518,28.3464021682739,2605.51206633132,2249.28448867798,104.418569296598,131680.500074273,479.782713959347,3230.24479917293,2689.78077350068,145.495547533035,229456.248884684,923.725554463447,3741,2906,144,3408,2568,82
Bronx,Van Nest-Morris Park-Westchester Square,36005025600,0,19375,44044,34712,42188,,11,0,21,27,9069.767923,22812.49998,86.25000224,207900,646,1000,445200,1813.14610594145,1811.16235746668,.991874217987061,1703.04806559161,1532.44567871094,34.7155990600586,46974.0007188622,215.999994106676,1589.97440252962,1281.5015147026,35.7074737548828,184799.999096917,453.000003660755,1727,920,151,1663,552,244
Brooklyn,Clinton Hill,36047019100,4840,7933,25200,38099,51700,4,3,24,30,43,4840,11250,77.37226023,210200,660,1229,680600,3131.99999635387,1729.99999798601,1261,2210.99999742606,323,908,24687.9999712594,177.999999792781,2413.99999718973,372.999999565771,1016,158299.999815715,463.999999459833,2816,616,971,2332,885,676
Brooklyn,Williamsburg,36047053900,0,9245,13571,16917,23099,,5,0,,7,5147.058789,,70.77922462,188599.9937,529.9999966,1073,614600,1160.30968878557,995.062131381456,149.509689331055,2712.63522803629,2036.62243652344,140.925399780273,,155.999997460061,3541.73444462228,2842.11491587241,137.348617553711,30000.0003467164,269.000007924879,3476.00001430511,1981.8076171875,153.250503540039,2756,2251,113
Bronx,West Concourse,36005019700,0,6875,12987,22904,24543,,4,3,6,9,6619.678781,17083.33366,89.02247248,101100,562,793,204400,5191.52310989952,4322.17150380654,699.873051643372,5297.10689322536,155.395987033844,1832.94039344788,35044.9488014752,191.871303322638,5978.99993091731,72.9999991565419,1402,137499.998411295,382.999995574733,7754,74,1899,7501,86,1568
Bronx,Highbridge,36005021900,0,7003,8559,18750,35268,,0,0,0,14,5290.636129,,88.4489937,0,539,868,-999,1117.10736561002,983.444486942193,97.1633968353271,1191.64014721775,63.6659782528877,422.418429374695,22554.8886425663,182.999997493511,700.700556084366,15.2996900138953,83.589054107666,87499.9988183845,383.891133068201,1307,23,291,1367,15,312
Manhattan,Yorkville,36061013800,0,19908,42071,70730,93307,32,52,61,75,80,8446.666884,61250,154.9791427,359600,1161,1644,729300,11442.0000426248,11166.0000415966,129,12169.0000453331,11138,263,125000.000465661,360.000001341105,12237.0000455864,11084.0000412911,187,500000.001862645,728.000002712011,12612,10861,246,12444,10078,311
Brooklyn,Bay Ridge,36047004400,0,26461,59092,80102,83068,22,31,39,48,47,13080.29409,41106.86431,112.0704064,438958.2865,814.625,851,845200,2965.99999055639,2957.99999062717,1,2690.9999920316,2598,1,84453.5725614562,235.718851519612,2467.99999155849,2355.99999156781,1,373514.32575389,513.378678698367,2590,2304,17,2359,2081,17
Brooklyn,Crown Heights South,36047021300,0,9289,23875,28696,47083,9,10,7,13,28,5964.2856,,95.96491411,218400,589,858,519200,3904.00002238341,1507.00000864032,2282,4690.0000268899,167,3917,33750.0001935041,213.000001221226,5234.0000300089,105.000000602013,4549,150000.000860018,423.000002425251,4735,97,4235,4205,451,3238
Brooklyn,Crown Heights South,36047032500,0,12767,23980,28111,33529,9,7,11,12,19,7931.915021,23461.53873,121.746769,170100,596,929,516900,7124.00021231174,1319.00003930926,5627,6774.00020188093,73,6141,43333.001291424,231.000006884336,7372.00021970272,50.0000014901161,6811,157500.004693866,447.000013321638,6641,44,6060,6405,286,5563
Queens,Forest Hills,36081064500,0,20404,37188,47763,76806,,15,0,,43,9099.999993,25811.68627,104.7368414,233100.0048,873.9999831,1249,613900,1820.49382019043,1801.9372844696,3.90663909912109,1833.19039726257,1661.29821777344,2.92997932434082,59999.9979442838,220.999993744962,1718.92120361328,1339.97721099854,9.76659774780273,226799.997995816,620.999995206443,1883.00004577637,1205.19812011719,36.1364135742188,1979,991,53
Queens,Springfield Gardens South-Brookville,36081030600,0,17732,37743,48819,66360,4,4,11,20,23,9089.215455,22239.73895,125.4543204,176774.0696,1024.131579,1424,419100,3479.99999857787,1389.99999314779,2074,2966.00000340166,259,2471,38590.5484853076,240.440758881754,2979.00000356999,145.999999127816,2614,136775.336376395,696.803741101354,3909,86,3415,4213,78,3533
Bronx,University Heights-Morris Heights,36005024700,0,10212,26235,37384,50600,,7,0,,21,9161.065291,21683.62567,143.2415444,169731.5344,672.7488523,916,-999,1367.54821497947,948.672978356481,369.983393669128,1786.65322143008,57.0993904881179,1187.2312194109,59370.5586332351,249.578469892043,1789.71453420084,29.3952396642417,1028.52367293835,154206.259152015,468.035648657025,1931.52811016882,37.4869624320418,1071.62630468607,1764,39,856
Bronx,University Heights-Morris Heights,36005021501,0,7138,7694,18207,27386,3,3,3,6,10,5613.401584,,85.30219837,225000,373,715,427400,5168.0001155138,3878.00008668005,1180,1321.00002952665,42,498,5000.00011175871,187.000004179776,4106.00009177625,26.0000005811453,1461,67500.0015087426,249.000005565584,3690,23,1314,3506,31,962
Bronx,University Heights-Morris Heights,36005021502,0,5886,8152,16768,24181,4,3,2,4,6,6552.884797,22000,86.79486624,198500,511,798,159800,7684.00011450052,4692.00006991625,2847,3558.00005301833,80,2024,30000.0004470348,186.000002771616,4725.00007040799,58.0000008642673,1907,87500.0013038516,311.000004634261,6726,75,2443,6051,91,1809
Queens,Queens Village,36081055200,0,19085,36796,50568,53170,,22,0,,30,11299.67271,26744.18791,157.3415084,218999.9929,713.0000357,1075,445300,2823.67617444298,2394.67588369378,417.216479539871,2656.93881112933,1511.83466410637,435.019165039063,49726.0852492689,261.999988649986,2995.05286255007,794.425496984593,747.290222167969,188399.993220368,534.99998378422,3433.99999135733,536.16357421875,975.110656738281,3064,245,882
Queens,Hunters Point-Sunnyside-West Maspeth,36081017900,6600,9736,25982,29250,31865,5,7,15,18,6,6600,25454.54561,77.97297852,276100,665,1033,468000,1090.9999888232,956.999990195967,113,1226.99998742994,542,176,51874.9994685641,173.999998217449,1065.99998907931,463.99999524653,15,179199.998164177,396.999995932914,1135,353,33,1054,274,22
Queens,Hunters Point-Sunnyside-West Maspeth,36081018300,0,12390,29307,42299,49773,8,14,23,31,42,7660.112516,25288.46013,87.30603834,235200,730,1080,486500,5669.0000237585,5566.00002332684,16,5416.00002269819,3784,12,50492.0002116095,197.000000825617,5879.0000246386,3139.0000131554,30,220500.000924105,416.000001743436,6766,2612,79,6031,2390,88
Brooklyn,Seagate-Coney Island,36047034000,0,12513,21094,16028,26188,4,4,4,8,18,8853.658147,,108.0275227,0,255,480,-999,2729.99996948987,2259.99997474253,443,2386.9999733232,773,1117,,183.99999794364,2315.99997411668,541.999993942678,1131,162499.998183921,375.999995797873,2511,954,910,2248,865,770
Queens,Rosedale,36081063800,0,22127,46117,58164,77667,,13,0,19,32,10923.9882,23665.99007,111.1999523,189300,775,1150,425500,3336.31877239701,3310.3182540224,15,2974.2778245452,2498.23531596363,229.019566470757,44999.763114807,241.99826174776,3064.31993800886,1085.13126620615,1418.13139338791,167999.78317911,622.003358065316,3835,497,2777,3425,231,2646
Queens,Woodside,36081025100,0,17500,32163,38143,60258,8,18,15,23,29,8915.492958,22500,94.38355789,98300,723,1108,241300,4959.0000337001,4789.00003254482,29,5317.00003613297,3166,65,43824.0002978167,239.000001624183,4957.00003368651,2476.00001682626,43,200000.001359149,514.000003493013,5501,1725,56,5720,1641,64
Queens,Hunters Point-Sunnyside-West Maspeth,36081025302,0,12959,26199,33682,47539,,14,0,,32,7924.156816,23125.00033,86.71141086,111300.0024,702.0000215,1009,288800,2398.75852837763,2316.72508837911,13.6722402572632,2310.96835574764,1346.71569824219,8.63509941101074,46250.0003361991,195.999989828505,2488.34767995495,1067.15431155963,23.0269298553467,199999.99833522,419.999990305495,2818.99992838502,775.359924316406,34.5403938293457,2876,669,47
Queens,Hunters Point-Sunnyside-West Maspeth,36081023500,0,12964,25811,33280,48832,4,7,0,12,17,6684.426478,22826.08824,81.41456457,245700,619,1047,644000,5959.00002657811,5826.0000259849,19,6114.00002726943,2547,39,46750.0002085126,191.000000851891,7378.15077245834,1646.07790912238,91.0638427734375,225000.001003536,444.000009324978,8426,991,116,8278,781,72
Queens,Hunters Point-Sunnyside-West Maspeth,36081025301,0,12959,26199,33682,49423,,14,0,,32,7924.156321,23124.99871,86.71141361,111300.0022,702.0000036,969,425800,4268.24148559291,4122.27492511366,24.3277606964111,4112.0316577116,2396.28442382813,15.3649015426636,46249.9999624381,196.000006357932,4427.65233453736,1898.84569465555,40.9730682373047,199999.993427821,420.000006823045,5015.99983811378,1379.64001464844,61.459602355957,4591,1432,71
Queens,Kew Gardens,36081021600,0,20871,37359,42648,61900,,27,0,,38,10365.1693,19642.85851,177.6337638,138000.0035,753.9999802,1087,239500,4168.14309149142,3538.10367932171,550.152038574219,3659.17007617,2381.79614257813,462.852478027344,40262.9989797217,324.000001467925,3696.23121806234,1904.11911233515,507.325866699219,162500.004750581,563.000004971862,4700.99989533424,1682.57580566406,793.932006835938,4016,1382,507
Queens,Baisley Park,36081079000,0,15864,25370,32578,63214,4,5,10,11,17,7888.888889,18571.42779,127.25,165500,724,1051,429100,2571.99999520928,136.999999744818,2415,2103.99999608099,35,1948,35805.9999333061,229.999999571592,2074.99999613501,30.999999942258,1916,126799.999763817,567.999998942018,2478,18,2247,2549,33,1870
Queens,South Ozone Park,36081081400,0,14007,36833,52730,66818,,6,0,12,19,8473.050541,18643.24527,119.7570263,166500,728,1254,436800,3486.16417452934,1082.16390130217,2309,3107.17684632139,246.142691418529,2495.00523385545,34970.8421202701,224.00190460255,3195.22895929347,127.072782078457,2573.97235978022,128603.554946244,561.002063235677,3642,63,2781,3543,59,2083
Queens,Hunters Point-Sunnyside-West Maspeth,36081000100,0,15744,40428,85898,117750,,1,0,54,73,7238.09502,15000.00097,79.56449137,129000,992,2001,450500,23.4530063038689,23.3607325653537,.0187431033700705,31.1652075800218,16.9469020366669,.0180222149938345,40625.0014459604,118.004126131557,411.701312545041,74.1590179283209,269.091093495488,117808.003174133,651.479335342653,1370,696,322,4949,2860,382
Queens,Hunters Point-Sunnyside-West Maspeth,36081000700,0,11426,26648,45189,59407,,11,0,38,53,7238.09515,15000.00019,66.61520596,231700,725,1179,738100,4809.54711973585,4681.63939011538,25.981258392334,4419.83490812008,2716.05324411858,24.9819793701172,40624.999690552,165.999801129944,3531.29878799364,2059.84104691453,86.9089126586914,195799.993869969,450.000019628484,4030,2021,129,4790,2586,136
Bronx,Schuylerville-Throgs Neck-Edgewater Park,36005014400,0,7826,15260,21584,25844,,4,0,,12,6143.265805,23924.57326,82.78905524,196314.3781,340.5130622,422,462200,5321.97471919842,3459.40548096038,1827.56926941872,6105.659843795,1169.70528411865,2623.12342453003,46737.0829725895,127.487951492797,5891.74296718463,813.952124118805,2407.74307250977,191592.301838964,280.186310061541,5772.99998980761,539.355163574219,2122.17380142212,5880,306,1818
Bronx,Mott Haven-Port Morris,36005003900,0,5688,10918,15893,31566,0,2,2,3,15,5542.601006,18392.85788,75.1463765,138200,340,765,467300,11946.9997885963,6656.99988220353,5088,4513.99992012419,183,835,19687.9996516183,144.999997434206,5305.99990610965,109.999998053536,923,81299.998561386,271.999995186925,6022,88,1125,6475,162,961
Brooklyn,Stuyvesant Heights,36047028700,0,5871,8704,15714,23025,,3,1,7,25,4290.936353,,73.52564307,196700,409,528,526000,3718.02356148516,1754.83174588872,1865.82635879517,2136.00000397861,45,1299,43333.000080714,156.000000290573,2459.00000458024,10.0000000186265,1269,110700.000206195,257.0000004787,2755,89,1452,2991,281,1238
Brooklyn,Stuyvesant Heights,36047028900,0,5360,7468,20461,27143,2,2,1,9,11,4411.392707,11875,78.16666484,192300,500,652,512600,5887.00007058971,2232.00002676342,3476,2781.00003334635,25,1914,22500.0002697925,169.000002026442,2655.00003183552,10.0000001199078,1706,75000.0008993084,305.000003657187,3432,52,2292,3538,161,2155
Brooklyn,Bushwick South,36047039300,0,8583,13710,23456,31618,1,2,3,5,12,5133.333716,16250,83.40908616,175600,555,1111,428900,4218.00002209679,2465.00001291337,1586,2656.00001391396,92,623,26111.0001367874,188.000000984874,2576.00001349486,64.0000003352761,788,126400.00066217,398.000002084998,2800,49,873,3549,427,854
Manhattan,Hudson Yards-Chelsea-Flatiron-Union Square,36061011700,0,8519,5187,16607,81250,,0,0,29,69,3838.235574,,47.63888747,1000001,175,2001,-999,365.019637651302,319.503741513854,42.8384895324707,124.05312868834,62.4727973937988,10.7096223831177,,98.000000427551,251.999994367361,40.9999990835786,72,,99.9999977648258,340,22,178,3364,1677,322
Manhattan,Battery Park City-Lower Manhattan,36061031703,0,0,71965,107611,159969,,,0,,84,3772.727331,,,318600.0102,1872.999982,2001,1000001,.902460125154702,.902460125154702,0,0,0,0,,,2559.78775423765,1996.30379757285,81.7442092895508,399999.99333402,1001.00002738823,3651.39417171478,2609.38525390625,115.268508911133,7709,5550,220
Manhattan,Battery Park City-Lower Manhattan,36061031704,0,0,71965,107611,151815,,,0,,81,3772.72738,,,318599.9914,1873.000015,2001,784500,1.06266876075934,1.06266876075934,0,0,0,0,,,3014.21237878664,2350.69630616892,96.2557983398438,399999.989214678,1001.00002091733,4299.60582828522,3072.61474609375,135.731491088867,5677,3396,192
Manhattan,Lower East Side,36061000600,0,8233,14024,19002,18024,3,6,0,10,14,5141.700085,,76.75487244,159900,430,558,9999,8321.99995737243,4703.99997590482,969,7432.56587059879,702.174133300781,677.720336914063,10000.0000038161,141.999997144916,8381.37433574949,562.438007692425,714.0517578125,225000.002100846,300.000007942237,12276,462,884,11367,721,903
Bronx,Pelham Bay-Country Club-City Island,36005026601,0,14238,24079,31480,54028,4,7,9,15,22,9698.630051,23269.2303,86.03896498,191200,600,960,424600,2839.00002825801,2821.00002807885,8,3185.00003170193,2921,29,52250.0005200709,231.000002299261,3056.00003041793,2713.00002700387,43,181300.001804571,465.000004628382,3003,2187,57,2911,1513,138
Bronx,Van Nest-Morris Park-Westchester Square,36005028400,0,42812,26029,16250,90170,,8,0,,3,8104.971036,16666.66675,80.21648441,186543.8108,588.420577,1467,-999,899.053836758117,701.120270347232,183.994583129883,965.319367070146,483.419319152832,280.638214111328,39999.9987029594,178.073709065897,894.715646226845,182.364363516916,233.422183990479,146173.405037556,472.286818021143,857.000000812113,198.191781044006,360.912328779697,894,336,283
Bronx,Schuylerville-Throgs Neck-Edgewater Park,36005026400,0,17626,36010,49099,56146,4,9,11,18,11,9409.090717,22300.88372,90.6842114,196100,639,1038,429200,5168.99998194748,5130.99998208019,3,4585.99998398358,4375,1,47211.999835114,205.999999280553,4285.99998503132,3967.99998614192,11,173999.999392312,479.999998323619,4798,3522,37,4935,2630,200
Bronx,Pelham Bay-Country Club-City Island,36005026602,0,13218,25901,35248,43083,5,7,11,15,20,9089.404477,22641.50928,93.69822443,217000,588,930,436100,5694.00002485758,5549.00002422457,112,5437.00002373563,4767,205,47182.0002059765,202.000000881846,5162.0000225351,4396.00001919107,171,182200.000795408,413.000001802982,5266,3431,215,5301,2478,274
Bronx,Highbridge,36005018900,0,8024,15367,25163,27294,,6,0,,7,6549.834041,20312.49863,84.42096298,112499.997,514.9999822,781,232500,8201.81982541084,6140.10894066095,1944.46166992188,6223.5904096067,369.569641113281,3002.51879882813,22499.9999886527,186.999999750531,5108.31550425291,112.559283971787,1906.00390625,108299.998397725,346.000010251873,6813.58843994141,128.505172729492,2555.095703125,7752,125,2470
Manhattan,Lower East Side,36061000201,0,7311,14937,21019,18831,1,7,7,14,16,4830.188581,65000,83.94999254,187500,395,378,-999,2225.99998211931,1856.99998508336,282,3356.99997303437,171,435,22499.9998192652,136.999998899526,3380.99997284159,133.999998923624,309,0,307.999997525942,3329,153,305,3058,182,338
Manhattan,Lower East Side,36061000202,0,8112,15042,22750,27288,,10,0,21,24,5843.199002,,74.53570619,132900,349,491,452600,10031.996591458,8182.82237972936,1387.8157043457,11890.6755973281,3453.43714332581,1370.53090667725,7961.35153266447,135.158255485014,12126.9162017939,2635.19622201551,1402.27941894531,68038.9916914851,306.52263562008,6837,1816,879,7316,1710,929
Queens,Woodside,36081024500,0,19299,31261,41403,32100,,18,0,,19,11293.92225,24458.56975,173.2531778,23304.79965,681.1927192,922,34100,4786.13397675516,4654.96190060773,57.8706637067153,4113.67990815124,3244.59885637462,57.8840553803893,51664.9064407139,255.898135278462,4000.7172679112,2771.31823597585,56.8730313233536,191165.498029849,445.373215373334,4684.50634570716,2476.87052626908,174.768783933076,4942,1999,201
Queens,Ft. Totten-Bay Terrace-Clearview,36081099705,0,26900,53017,58253,95795,,34,0,,63,17417.95441,52696.62684,269.3930091,185600.0004,1130.999994,1921,603100,2059.55838047207,2027.19416684197,15.7968187332153,2453.13033550943,2247.5791015625,34.2906532287598,76029.002294083,433.000017592221,2871.55338315561,2485.87983739702,31.2083492279053,234499.99928177,854.99998639523,2729.76738110185,2044.14685058594,43.3449287414551,2632,1379,46
Queens,Ft. Totten-Bay Terrace-Clearview,36081099900,0,0,,,-999,,,,,,,,,,,-999,-999,0,0,0,0,0,0,,,0,0,0,,,0,0,0,0,0,0
Queens,Rosedale,36081065600,11600,19954,41207,55923,85833,5,10,10,18,22,11600,25123.45616,144,197000,886,1441,455900,3653.0000091432,3626.00000907562,15,3271.00000818708,3068,41,46578.0001165814,277.000000693311,3442.00000861508,2108.00000527618,677,169500.000424247,670.000001676963,4373,661,3036,4853,249,3925
Brooklyn,Bedford,36047024100,0,6875,9683,10500,39861,2,4,3,10,30,4580.247059,7500,85.32608582,176900,498,1125,495600,3132.00000875071,651.000001818873,2360,1431.00000399817,42,1005,22500.0000628643,190.000000530854,1813.00000506546,103.000000287779,1131,93800.0002620742,308.000000860542,1564,40,993,2229,814,771
Brooklyn,Bedford,36047123700,0,6366,15010,17774,25742,2,1,6,8,12,4610.198399,18789.0625,66.7650019,173316.6667,588.4059829,1260,566500,3802.99995904462,2654.99997159187,1059,1796.99997556681,166,361,17499.9995446706,173.98455373304,1902.99997356778,139.999997875304,346,148343.475493015,364.421047846267,1838,144,207,6008,4703,199
Queens,South Ozone Park,36081010000,0,20279,40174,55601,69563,,2,0,,16,9476.605578,22363.62426,112.5811151,196999.6461,704.0023427,1334,422900,2773.17731713348,2765.17528039006,3.00135779413237,2451.16788495356,2224.14771743726,1.00271516146591,40490.1306929754,224.001396916025,2600.14782064771,1553.11386466961,55.0025645798285,166999.727987742,591.997408279315,3475.18711859282,701.060487348586,631.017045063898,3571,391,805
Queens,South Ozone Park,36081086400,0,20410,40882,60505,61618,,4,0,,13,10226.96046,22166.69587,119.9961979,190999.9951,736.9999933,1161,454400,2350.45455814301,2323.45265799725,18.0015942216851,2225.45069981874,1958.43339687586,35.9975299566868,42500.5762514467,244.993807559412,1959.41663543374,1509.38439228832,34.0011268407106,162603.867545913,554.986219401806,2480.81293290854,801.939514160156,225.982955932617,2634,543,359
Bronx,Melrose South-Mott Haven North,36005006900,0,6039,10016,10576,21316,1,4,3,7,13,4011.152227,18437.5,74.78390641,187500,281,596,462200,10270.0001779928,6347.00011000196,3673,4782.00008287843,232,2213,46667.0008088012,142.000002461049,4338.00007518331,85.0000014731631,1807,50000.0008665666,216.000003743568,4323,87,1418,7564,97,2597
Bronx,East Concourse-Concourse Village,36005017300,0,7150,11214,18375,15417,2,3,11,5,7,5325.174981,16250,82.1607127,146400,457,518,352600,4936.99996781442,2632.99998283479,2219,4891.99996810779,81,2257,20832.9998641843,165.999998917803,5538.99996388983,46.9999996935949,2451,87499.9994295649,272.999998220243,4842,39,2149,5987,71,2217
Brooklyn,Gravesend,36047030600,0,13560,27548,35515,40556,1,4,8,16,9,9333.333101,17421.87441,108.6206929,229700,688,917,659700,1451.00000403293,1450.00000403015,0,1706.00000474168,1615,0,45556.0001266191,239.00000066428,1698.00000471945,1395.00000387729,8,206300.000573393,535.000001486987,1918,1278,14,2005,925,12
Brooklyn,Williamsburg,36047053500,0,7146,15148,16434,20234,2,4,3,6,9,5457.69234,26666.66667,73.82774808,306900,540,834,450000,4473.00003332645,4287.00003194064,135,4144.00003087521,3375,11,57500.0004284084,159.000001184642,4716.00003513694,3990.00002972782,22,137500.001024455,364.000002712011,4880,3901,3,4348,3987,10
Brooklyn,North Side-South Side,36047054700,0,4153,13947,15379,22865,1,7,12,11,23,4305.555801,,74.90741152,75000,531,515,572900,4289.9999700347,3791.99997351319,458,1506.99998947373,299,127,7499.99994761311,151.999998938292,1596.99998884508,616.999995690305,61,87499.9993888196,316.999997785781,3364,2130,197,5245,3834,305
Brooklyn,Seagate-Coney Island,36047033000,0,8813,13620,20276,22889,2,8,11,12,16,5539.473356,,77.9069736,156400,442,483,400000,2417.00001153641,1721.00000821438,663,4451.00002124475,787,2792,46667.0002227429,151.000000720727,5435.00002594141,615.000002935412,3361,137100.000654382,308.000001470093,5288,663,3187,4587,858,2313
Brooklyn,Seagate-Coney Island,36047032800,0,6733,17649,24750,36116,1,2,3,17,14,2772.357779,9531.25,90.5179317,136300,327,586,330400,5988.00006692111,3858.00004311651,2002,1925.00002151355,179,1166,32500.0003632158,151.000001687557,2873.00003210828,155.00000173226,1388,114800.00128299,313.000003498048,3304,259,1463,3138,266,1226
Brooklyn,Seagate-Coney Island,36047033600,0,13034,36863,33359,61951,15,19,28,28,44,8138.15748,32686.5662,109.9465194,246600,587,867,623700,4726.99998184026,4606.99998230126,107,3998.99998463702,3569,87,59852.9997700624,217.999999162508,4359.99998325016,3507.9999865233,199,191499.999264313,501.999998071464,5159,3901,424,4759,3675,304
Bronx,West Farms-Bronx River,36005021800,0,11553,24414,26264,33131,2,6,9,9,18,8063.492424,22500,75.17134007,192300,602,875,433300,6185.00004176167,5890.0000397698,247,5722.00003863545,2024,727,38929.0002628521,187.000001262641,6619.00004469207,785.00000530039,1331,170500.001151231,424.000002862886,6648,389,1857,6499,269,1768
Bronx,Van Nest-Morris Park-Westchester Square,36005024000,7725,12282,31948,29770,39219,3,4,11,14,12,7725,20192.30866,81.76190056,189000,649,985,433200,3147.00003077416,2852.00002788939,262,2976.00002910197,1174,402,37000.0003618188,195.000001906883,3140.00003070571,636.000006219372,705,157300.001538219,457.000004468951,3502,329,753,3882,279,973
Brooklyn,Ocean Hill,36047030300,0,6516,10452,15020,22613,1,3,3,8,10,4521.153887,12500,77.21198157,208100,425,767,607900,8316.99997676257,696.999998052605,7562,3115.999991294,11,3003,27499.9999231659,169.999999525025,3938.99998899456,21.9999999385327,3555,89999.9997485429,298.999999164604,3409,15,3001,4458,44,3657
Brooklyn,Ocean Hill,36047036501,0,11300,17925,20948,35673,2,3,3,8,21,6317.204171,11250,116.4492749,187500,521,732,438700,3464.99990964308,791.999979346991,2660,2472.9999355115,34,2063,27499.9992828816,237.999993793666,2420.99993686751,22.9999994002283,1945,73099.998093769,376.999990168959,2349,8,2032,2624,13,2301
Brooklyn,Prospect Lefferts Gardens-Wingate,36047079602,0,10998,28134,29879,31491,,10,0,,14,7406.040361,25476.19325,99.65551931,197700.0046,613.0000108,915,299600,4103.6274921149,3000.76511083171,970.938659667969,4654.30911611766,267.345428466797,3600.91821289063,55999.9984421102,217.999995099088,5578.7746373564,142.917372472584,4609.3349609375,187500.000265696,441.999997238673,5189.00002384186,89.4482879638672,4432.93701171875,4814,269,3781
Brooklyn,Prospect Lefferts Gardens-Wingate,36047082000,0,12383,25242,28015,45943,13,9,12,11,13,8111.570541,16000,102.046333,211100,626,891,500000,4487.9999832809,3472.99998706207,811,5098.99998100474,212,4172,39374.9998533167,235.999999120831,5741.99997860938,55.9999997913837,5017,143799.999464303,470.999998245388,5392,38,4833,5281,80,4509
Brooklyn,Prospect Lefferts Gardens-Wingate,36047082200,0,11714,23980,29091,33272,11,7,11,7,11,7365.384779,22142.85764,96.7224026,204200,592,855,519200,5048.00007522106,3834.00005713105,1108,7429.00011070073,365,5846,43889.0006539971,221.000003293157,7005.00010438263,104.000001549721,5996,160000.002384186,417.000006213784,7463,100,6564,7280,186,6254
Brooklyn,Brooklyn Heights-Cobble Hill,36047000900,0,16456,54690,79201,97385,39,58,75,75,83,8762.711752,30000,155.3990636,285000,886,1724,626000,1882.99998739542,1670.99998881452,127,1804.99998791754,1276,192,141666.999051698,299.999997991836,1817.99998783052,1506.99998991232,92,500000.996653053,615.999995876569,2178,1603,150,4172,2834,237
Brooklyn,East Flatbush-Farragut,36047078200,0,13642,30696,30678,44551,8,8,18,16,24,8884.615236,26655.84478,138.0401526,181100,619,812,434000,3907.99994176626,1802.99997313321,2029,4033.99993988872,392,3325,45813.9993173182,256.999996170402,4725.99992957711,134.999997988343,4280,172099.99743551,480.999992832541,4320,64,3942,3864,43,3559
Brooklyn,East Flatbush-Farragut,36047083000,0,12242,31308,27623,36719,8,9,10,12,14,8867.469887,22352.94099,131.3935736,204300,627,908,467300,5620.00010468066,3750.00006984919,1744,6088.00011339784,320,5228,44776.000834018,247.000004600734,6953.00012950972,100.000001862645,6306,174500.003250316,487.000009071082,6563,48,5985,5997,55,5363
Manhattan,Stuyvesant Town-Cooper Village,36061006000,0,32073,64757,76573,102356,,53,61,70,77,19535.62249,13750.00106,250.0888321,875000,929,1724,-999,5485.32786955408,5370.3139030059,61.9488582015038,4658.99997396581,4439,52,,401.99999775365,4194.99997655861,3996.99997766502,60,324999.998183921,614.99999656342,3989,3665,85,4511,3684,126
Brooklyn,Crown Heights North,36047031500,0,8366,19416,26019,36520,2,5,8,11,23,5155.813909,26666.66547,86.08606942,198300,571,814,526300,6272.00009346008,312.000004649162,5863,5039.00007508695,38,4730,50000.0007450581,173.000002577901,5488.00008177757,37.000000551343,4986,186100.002773106,361.000005379319,5371,30,4876,5175,518,4030
Brooklyn,Clinton Hill,36047019300,0,16808,29941,36034,40861,19,30,30,28,42,6938.650327,,133.1654647,55800,560,881,339700,4552.99991731392,2129.99996131752,2284,4064.99992617639,866,2586,10832.9998032642,246.999995514285,4643.99991566129,1138.99997931486,2545,0,371.999993244186,5214,1326,2693,5628,1946,2398
Brooklyn,Bedford,36047023300,0,8961,15789,23099,35530,2,6,11,12,24,6174.418386,11250,83.24561337,208800,458,662,707700,5587.00004162639,1659.00001236051,3836,5183.00003861636,84,4270,33333.0002483502,162.000001206994,5253.0000391379,63.0000004693866,4224,122900.000915676,304.000002264977,4875,83,3683,5061,785,2989
Queens,Oakland Gardens,36081137700,0,19269,41431,51272,67674,11,20,27,36,42,10982.51726,32681.16172,158.7540307,235000,865,1329,502300,7581.00005648285,7471.00005566329,12,4735.0000352785,3947,33,67291.000501357,270.000002011657,5430.00004045665,3863.00002878159,90,244100.001818687,485.000003613532,6138,2759,157,6606,1779,299
Manhattan,Washington Heights North,36061028700,0,12901,20904,29613,48651,,15,0,,42,7374.999899,,93.72274125,92800.00135,618.9999992,965,443800,3811.88476802025,3723.91050639271,39.9883003234863,3688.9207432454,1972.42297363281,109.967826843262,,204.999999212,3917.85376498068,1474.56858977966,166.951156616211,500001.002285027,416.999990429263,4545.67009347677,945.723327636719,152.95524597168,4035,1074,182
Brooklyn,Brooklyn Heights-Cobble Hill,36047000301,0,22396,57301,83739,160833,40,53,52,71,84,8268.558509,64375,142.7739109,377500,935,1669,807100,5788.99998921715,5587.99998959154,136,5352.99999002926,4743,244,147499.99972526,298.999999443069,5869.99998906627,4849.99999096617,455,500000.999068676,609.999998863786,5036,4027,355,4259,3483,209
Manhattan,Hamilton Heights,36061023700,0,8414,19239,22087,34016,,8,0,,26,5749.141837,,82.72759888,91399.99991,500.0000086,861,119100,7129.30161282702,1710.16074807528,5183.62350463867,5968.49146792735,157.327606201172,3743.99853515625,9999.99953503068,161.999998846075,6825.82732943643,221.055239552865,3516.96899414063,87500.0012719146,314.000014234526,7229.10396337509,237.982894897461,2712.40771484375,6811,715,2062
Staten Island,Mariner's Harbor-Arlington-Port Ivory-Graniteville,36085023100,0,17964,34750,46827,51912,4,5,11,17,14,8538.461675,21328.12472,94.31035259,154000,654,1004,342000,2144.99999943815,2030.99999946801,108,2234.99999941458,1860,188,44193.9999884241,205.999999946042,2297.99999939807,1544.99999959531,320,147699.999961312,546.999999856722,3281,1150,889,4683,887,1184
Bronx,North Riverdale-Fieldston-Riverdale,36005034500,0,20688,41882,51250,70469,27,30,34,44,45,13853.50281,30443.03786,161.5916931,192500,774,1069,374500,3855.99999231263,3597.99999282698,146,3542.99999293663,2859,197,65890.9998686389,291.999999417865,3310.99999339915,2550.99999491429,255,237799.999525919,551.999998899526,3499,2049,354,3566,1833,438
Queens,park-cemetery-etc-Queens,36081128300,0,24375,102264,112820,-999,,54,0,,,8777.777887,,145.1785691,287499.9941,0,-999,-999,121.668508720459,48.9834255887563,72.6850814819336,31.6022100572621,29.4953956604004,0,76667.0025872391,,26.6833878041155,19.1424303812133,0,289299.986731643,,30.224634885788,22.6684761047363,0,73,55,2
Queens,Bellerose,36081161700,0,23202,45424,63250,88036,7,15,21,28,34,11440.59368,24084.42943,108.3018835,220900,747,1068,516700,5153.00002759486,5135.00002749846,4,4177.00002236827,3933,4,49814.0002667592,246.000001317356,4000.00002142042,3494.00001871074,32,187500.001004082,660.000003534369,4359,2838,133,4297,2085,224
Queens,Hunters Point-Sunnyside-West Maspeth,36081018101,0,13277,24610,34932,40685,,15,0,,32,7396.739114,,90.33871367,79399.99633,696.9999897,1068,395500,4322.42651163042,4228.30245020054,21.3209209442139,3904.3284708038,2470.62670898438,29.1212558746338,64999.9994116899,198.999996423775,4072.29571854882,2140.41235826164,43.1618614196777,274999.991776486,422.99998976642,4636.00015848875,1730.634765625,84.7636566162109,4090,1355,70
Queens,Hunters Point-Sunnyside-West Maspeth,36081018102,0,13277,24610,34932,55521,,15,0,,40,7396.739413,,90.33870644,79400.00005,697.0000032,1057,301500,3989.57343418151,3902.69749679137,19.6790790557861,3603.67148024961,2280.37329101563,26.8787422180176,64999.9997545358,199.00000117169,3758.70423039887,1975.58761490509,39.8381385803223,275000.005174442,423.000005342011,4279.00010719895,1597.36535644531,78.2363433837891,3928,1946,107
Queens,Murray Hill,36081115500,10000,16943,30385,41471,67303,9,12,17,31,34,10000,27695.65232,88.58209197,269200,732,1112,594400,1905.00001064502,1874.00001047179,6,1828.00001021475,1591,7,61392.0003430545,213.00000119023,1826.00001020357,1253.00000700168,24,232100.00129696,456.000002548099,2135,825,37,2114,568,44
Queens,Murray Hill,36081116700,0,17917,30151,36895,59219,11,14,22,30,32,9562.5,26250,100.1694911,248400,867,1181,628400,1273.00001867278,1204.00001766067,4,1311.00001923018,951,15,54286.000796285,229.000003359048,1759.00002580159,671.00000984245,29,216200.003171293,643.000009431737,2075,298,50,2067,133,35
Brooklyn,Flatlands,36047077600,0,16731,35256,41169,52042,,19,0,,31,11017.47781,23226.72348,169.5526527,143920.2726,752.8191295,1077,277300,3827.97678529623,3814.82928801511,6.06209538131952,3251.78687701499,2673.52753996849,305.71705031395,43380.909848407,288.908413606299,3381.50850233965,1247.06889226893,1700.35596323013,182314.44899181,486.977220188519,4123.38121545827,490.668095111847,3157.47208976746,3806,273,2989
Brooklyn,East Flatbush-Farragut,36047078000,0,23177,46126,60212,72768,,18,0,,27,11984.25626,24171.69273,93.47605587,194604.169,776.8606571,1007,425700,2000.93655763194,1998.92856538761,.00787158496677876,1959.36536210123,1135.35719323158,677.317467093468,43938.4947600889,220.778604934379,2302.9738823045,231.590529754758,1952.35320711136,179106.21285857,593.161572161103,2548.8314059237,125.07773655653,2277.79215621948,2092,65,1894
Brooklyn,Midwood,36047054600,0,12742,23340,35469,30014,12,16,25,37,40,9360.464646,26224.4893,98.05850962,327900,676,937,601600,4139.99999265012,4090.99999273711,43,4153.99999262526,3781,59,49654.9999118458,214.999999618303,4280.9999923998,3751.99999333895,74,207299.999631973,452.999999195774,4571,3972,69,4346,3599,184
Brooklyn,Madison,36047054800,0,17203,51033,50227,64896,16,25,45,49,46,12122.44951,33878.50275,98.04347876,325000,693,913,808800,1894,1868,11,1969,1872,6,66854,232,1934,1762,7,259900,501,2077,1936,12,1989,1865,8
Brooklyn,Erasmus,36047082600,0,11830,29219,36866,37153,5,6,8,15,20,7985.185051,22406.25,90.34013594,192100,611,923,394700,4872.00000907481,3486.00000649318,1174,5290.00000985339,293,4260,43768.0000815243,218.000000406057,5640.00001050532,106.00000019744,5015,168300.000313483,451.000000840053,6051,50,5395,5513,85,4884
Brooklyn,Erasmus,36047082800,0,11626,33750,25946,32750,6,6,4,10,15,8168.830882,21785.71548,83.51851496,190500,678,946,424100,3455,3133,264,3766,424,2619,45000,203,3670,162,3042,171300,457,3985,53,3464,3814,55,3265
Brooklyn,Prospect Lefferts Gardens-Wingate,36047087600,8700,16364,38750,31958,51473,11,12,15,26,21,8700,22112.06838,107.8571383,178700,685,783,408200,1472.99998353794,550.999993842095,908,1572.99998242036,107,1366,44285.9995050654,217.99999756366,1389.99998446554,45.9999994859099,1248,162199.998187274,424.999995250255,1707,244,1367,1742,296,1332
Brooklyn,Borough Park,36047022400,0,11992,23564,34188,38244,3,8,9,13,15,6447.115322,26250,82.45762358,275500,631,1068,509500,4132.00000769645,4058.00000755861,22,3688.00000686944,2733,22,44500.0000828877,186.000000346452,3813.00000710227,2329.0000043381,62,204500.000380911,438.000000815839,4943,2676,47,5486,3868,72
Brooklyn,Borough Park,36047023000,0,9975,21310,22984,26613,3,6,9,9,13,6621.42877,15000,76.875,240100,652,964,646800,3994.00002975762,3897.00002903491,50,3608.00002688169,2315,84,41250.0003073365,185.000001378357,3945.00002939254,2668.00001987815,59,250000.001862645,469.000003494322,4176,2893,31,4515,3273,49
Brooklyn,Kensington-Ocean Parkway,36047048600,0,11496,25192,30329,28341,1,7,12,16,20,7226.415313,20294.118,77.1259819,274600,683,944,603300,2778.99994823709,2632.99995095655,83,2590.99995173886,1191,161,38749.999278225,192.999996405095,2956.99994492158,943.99998241663,278,174399.996751547,469.999991245568,3576,800,189,3568,759,125
Brooklyn,Kensington-Ocean Parkway,36047048800,0,14109,36707,37115,35586,11,17,28,29,33,10394.1601,22447.91525,113.0833379,206000,647,1025,305000,3611.99996636063,3567.99996677041,15,3373.99996857718,2531,221,42360.9996054824,234.999997811392,3751.99996505678,2205.99997945502,473,197999.998155981,459.999995715916,4393,2306,394,4395,2124,350
Brooklyn,Borough Park,36047022600,0,7792,18277,22316,43421,0,1,8,9,6,7006.756871,16750,69.28571225,152500,574,1013,529900,1757.00000654534,1680.00000625849,7,1469.00000547245,948,4,29167.0001086555,176.000000655651,1640.00000610948,728.000002712011,30,195800.000729412,418.000001557171,2544,649,80,2516,612,26
Brooklyn,Borough Park,36047022800,0,9473,20057,23407,43281,1,12,11,14,20,5763.393283,18125,79.48052384,222100,600,1024,608600,3210,3099,22,2260,1149,79,35500,189,2888,1456,174,167200,484,3426,1633,134,3306,1701,86
Brooklyn,Kensington-Ocean Parkway,36047049600,0,12252,26091,38088,49904,5,10,16,24,29,7894.23096,22295.91858,88.86986818,244400,659,1052,598100,3705.0000414066,3632.00004059076,3,3553.00003970787,2662,44,40769.0004556291,199.000002223998,3470.00003878027,2060.00002302229,67,186200.002080947,462.000005163252,4560,1837,92,4513,1679,136
Brooklyn,Kensington-Ocean Parkway,36047049800,0,14699,26630,35560,51711,9,13,20,25,39,10511.7643,23333.33511,118.3854076,275600,647,1082,649000,3831.0000035679,3799.00000353809,2,3338.00000310875,2965,38,54200.0000504777,225.000000209548,3278.00000305288,2480.00000230968,36,207600.000193343,476.00000044331,4069,1924,119,4232,1731,143
Brooklyn,Windsor Terrace,36047050000,0,15025,32558,39556,46339,,13,23,30,47,9736.841974,22750.0002,108.2710207,208800,700,1118,407800,3940.54291012423,3877.620069244,28.5119113922119,3550.22466278907,2983.91918945313,153.374420166016,44696.9996757359,220.000004217691,3366.00004075281,2505.00003032852,253,204200.002472289,472.000005714595,3680,2206,430,3474,2085,305
Brooklyn,Bay Ridge,36047004600,0,23973,44006,68594,57321,27,27,32,40,42,12680.66557,46959.86469,88.65133948,464800,752,1317,1000001,1443.99998924136,1432.99998932332,2,1364.99998982996,1317,1,96255.0090548313,226.737929345154,1198.99999106675,1107.99999174476,1,403644.824578819,519.517002932018,1217,1076,7,1199,999,8
Brooklyn,Bay Ridge,36047006400,0,15228,30559,45213,58269,8,16,24,34,42,8107.843338,31549.29477,85.63380291,338400,726,1064,811200,3717,3658,7,3414,3158,4,70526,204,3072,2712,17,281500,495,3484,2514,75,3478,2403,82
Brooklyn,Bay Ridge,36047013800,0,15625,33201,40117,51563,7,11,22,30,38,9010.869293,29687.49847,92.74193425,307900,686,1085,703800,3423.99997448921,3416.99997454137,1,3134.99997664243,2970,1,63260.9995286688,219.999998360872,2950.99997801334,2550.99998099357,14,251299.998127669,504.999996237457,3206,2337,8,3168,2206,60
Brooklyn,Bay Ridge,36047016200,0,15031,35046,44305,85781,,16,0,,49,9176.927677,28387.08244,83.93931617,259813.7764,737.8558243,1149,371500,1928.89019653986,1895.83386054123,24.5726165771484,1672.33171194427,1508.17779159546,21.4153537750244,55085,203.591965369657,1911.87836576998,1607.85550964624,39.0114288330078,211271.881776492,448.544014295573,1885.99999911711,1387.51755046844,32.3991832733154,2082,1382,90
Brooklyn,Bay Ridge,36047005000,0,20448,42178,61217,68068,17,22,32,43,51,11144.22989,37812.5,102.8169071,356500,796,1352,835200,2624.00002932549,2613.00002920255,2,2421.00002705678,2326,3,80462.0008992329,241.000002693385,2255.00002520159,2085.00002330169,2,331800.003708154,564.000006303191,2401,2075,10,2276,1902,14
Brooklyn,Bay Ridge,36047006200,0,13701,24704,34576,52339,8,15,21,32,49,8283.018519,34444.44408,78.50574638,318000,692,1021,706100,2970,2950,2,2631,2441,5,81333,182,2576,2230,4,384200,465,3062,2042,16,2853,1937,54
Brooklyn,Dyker Heights,36047014800,0,21432,26164,47250,95833,9,22,11,26,32,10217.39201,30416.66667,107.6923055,294600,798,1274,722000,1543.99996548891,1526.99996586889,1,1463.99996727705,1440,0,67646.9984879717,229.999994859099,1223.99997264147,1179.99997362494,0,270699.993949384,519.999988377094,1222,1161,0,1209,1042,5
Brooklyn,Dyker Heights,36047016600,0,22289,40307,69859,71500,11,14,21,33,29,13898.14868,33235.8066,120.3143939,362866.3948,620.4904459,1106,693600,2400.99999225885,2398.99999225885,0,2318.99999159575,2308,0,72926.0566542046,225.551135435616,1949.99999295175,1916.99999310821,0,285961.537455132,513.636361502788,2042,1960,4,2059,1884,4
Brooklyn,Bensonhurst East,36047040000,0,15794,27000,30559,38819,2,5,5,15,15,9554.54606,23437.50123,101.4173214,270700,673,983,652600,3311.00002466887,3303.00002460927,0,2826.00002105534,2748,2,47500.0003539026,213.000001586974,2638.00001965463,2324.00001731515,3,210300.001566857,474.000003531575,2948,1846,42,3069,1460,31
Brooklyn,Bensonhurst East,36047041000,0,16593,27159,40577,38958,5,6,9,22,20,9662.162522,24451.21801,94.31034673,234100,594,681,579700,2084.99998446554,2071.9999845624,7,1818.99998644739,1759,4,54928.9995907471,204.999998472631,1650.99998769909,1545.9999884814,1,193799.998556077,436.999996744096,1749,1370,11,1773,1259,29
Brooklyn,Borough Park,36047023200,0,10331,21607,21981,26767,5,13,13,13,14,5746.341603,22613.63596,75,281500,631,816,711700,6053,5931,58,5102,4337,46,49737,187,5314,4498,27,223800,462,6059,4914,27,5699,4909,21
Brooklyn,Borough Park,36047023400,0,13146,17138,17731,36847,13,15,13,12,20,8129.031987,34285.71583,105,509900,692,1075,933300,4327.00003223866,4305.00003207475,6,4082.00003041327,3997,4,109722.000817493,228.000001698732,4037.00003007799,3977.00002963096,4,282100.002101809,468.000003486872,4710,4580,1,5059,4924,10
Brooklyn,Borough Park,36047011600,0,14028,24033,26330,31315,5,11,12,9,11,9307.142769,23369.56479,85.10309341,306500,652,828,747200,2946.00004389882,2925.0000435859,1,2850.00004246831,2286,4,46842.0006980002,199.000002965331,3088.00004601479,1718.00002560019,41,200000.002980232,506.000007539988,4259,1194,46,4816,653,38
Brooklyn,Borough Park,36047021600,8350,15172,26591,25616,41875,6,11,11,19,17,8350,24750,91.90140347,367800,680,976,725800,3053.99997724593,3037.99997736514,3,2739.99997958541,2598,6,60832.9995467588,199.999998509884,3085.99997700751,2590.99998069555,14,292899.997817725,471.999996483326,3601,2976,10,4015,3332,34
Brooklyn,Borough Park,36047021800,0,12021,21641,30259,32333,4,12,11,18,19,8458.015464,22812.5,87.91666667,287100,699,883,780400,3928.99997072667,3875.99997112155,2,3575.99997335672,3083,37,63965.9995234162,197.999998524785,3509.99997384846,3001.99997763336,7,256699.998087436,456.999996595085,3785,3162,10,3761,3297,7
Brooklyn,Sunset Park East,36047010000,0,11944,18952,29976,27434,3,6,9,8,12,6956.043909,20833.33458,78.59031106,267100,654,833,647800,5035.00007502735,4931.00007347763,46,4381.00006528199,1654,36,35000.0005215406,192.000002861023,4930.00007346272,1192.00001776218,164,238900.003559887,434.000006467104,6271,778,191,6737,575,108
Brooklyn,Sunset Park East,36047010600,0,12756,26784,26895,30459,2,4,10,11,11,7909.090659,20000,89.26605597,244700,634,888,612000,3628.00008109212,3601.00008048862,1,3585.00008013099,2488,5,38077.0008510873,192.000004291534,4151.00009278208,1569.00003506988,53,182300.004074723,491.000010974705,5460,636,74,5851,300,51
Brooklyn,Sunset Park East,36047009000,0,9595,22302,29234,29052,,5,0,,20,8371.089487,13125,69.12959066,192977.446,636.4979123,953,372500,2212.44689735118,2134.31483849743,16.6152487397194,1996.84483353118,967.686193466187,49.9843980073929,32319.5829904086,174.710927699676,2224.68640296278,657.884849218652,94.9934059381485,150489.625655811,444.797101496821,2610.09220360033,406.947248458862,60.1164557933807,2994,324,70
Brooklyn,Sunset Park East,36047009200,0,10419,19375,26597,35417,2,5,13,14,19,6459.769835,21666.66618,77.20930217,202900,618,919,604200,4000.00007450581,3904.00007271767,39,3727.00006942078,1657,179,38125.0007101335,182.000003390014,4190.00007804483,1010.00001881272,282,210000.003911555,437.000008139759,5160,741,284,5388,667,168
Brooklyn,Park Slope-Gowanus,36047011700,0,9527,30108,30833,64471,,0,0,18,49,6601.351615,10568.18217,72.73076593,176500,706,1200,821400,2957.30470789013,2756.23585868319,147.317764282227,2354.09816026932,860.017272949219,79.6312255859375,22044.9995064791,168.000001785223,2268.49459080498,665.916139205148,195.09651184082,155399.995872583,474.999994269951,2788,679,291,2364,1011,140
Brooklyn,Bath Beach,36047018000,0,13576,28233,40565,33900,2,4,10,14,8,7659.722052,26250,84.56790239,287600,654,892,640300,2848,2827,4,2679,2588,3,56964,208,2408,2045,0,226100,476,2803,1856,13,3193,1444,16
Staten Island,Mariner's Harbor-Arlington-Port Ivory-Graniteville,36085031901,0,8201,16414,26821,30492,1,6,4,10,17,5279.070023,21708.33442,84.93197695,132500,376,521,344400,2877.99994639307,1420.99997353181,1397,2604.99995147809,419,1581,41836.9992207251,133.999997504056,2692.99994983897,379.999992921948,1623,136699.997453764,213.999996013939,3262,257,1888,3265,217,1805
Staten Island,Mariner's Harbor-Arlington-Port Ivory-Graniteville,36085032300,0,9432,32500,51071,27600,,0,0,,21,9033.332685,18035.71562,82.08333527,107100.0041,587.0000139,841,203500,444.23901061813,393.947801868908,50.2912101745605,307.335164578581,245.868133544922,32.5961532592773,43332.9987718692,199.999995753889,760.887362002122,508.49999957547,122.934066772461,146600.000532019,524.000008996872,1017.00002074242,311.991760253906,353.901092529297,1250,275,481
Brooklyn,East Williamsburg,36047047700,0,11303,26327,37863,54637,3,6,10,24,51,7833.333333,13472.22233,64.44914702,209000,610,1362,598400,2544.99998029758,2491.99998070789,33,2492.99998070014,1885,19,27499.9997871055,145.999998869724,2421.9999812498,1662.99998712569,5,137499.998935527,372.999997112376,2276,1467,50,3318,2336,87
Brooklyn,East Williamsburg,36047049700,0,10854,25172,35990,70433,1,3,11,32,53,6768.518634,13750,61.02500342,240300,660,1573,715500,3142.99997658283,3121.99997673929,9,2471.99998158216,2334,0,28332.9997889027,136.99999897927,2247.99998325109,2005.99998505414,8,131299.999021739,359.999997317791,2228,1799,10,2645,2168,27
Queens,St. Albans,36081039800,8225,22130,36927,62708,65357,6,7,17,12,19,8225,22989.69156,135,184100,720,845,443300,1599.00000595674,71.0000002644956,1508,1417.00000527874,15,1363,44342.0001651868,226.000000841916,1462.00000544637,20.0000000745058,1372,158500.000590459,516.00000192225,1762,5,1686,1657,5,1516
Queens,St. Albans,36081042400,0,21408,46453,67363,69662,15,21,26,31,38,10978.91462,27177.11654,111.9009901,203221.1538,581.0813008,497,533000,2418.00000334904,67.0000002421439,2315,2277.00000252575,46,2119,54424.0495284816,206.740000577122,2226.0000022212,23.9999999785796,2069,182283.962271631,526.813561457778,2464,18,2316,2161,13,2018
Manhattan,Chinatown,36061000800,0,10936,18851,25148,30739,3,6,7,10,16,6048.172979,,82.5,175000,510,770,638000,9609.00004921993,5218.00002672803,67,9220.00004722737,2417,46,72500.0003713649,184.000000942498,9904.000050731,1706.0000087386,32,130000.000665896,362.000001854263,10917,995,102,10290,848,75
Manhattan,Chinatown,36061002500,0,7111,11546,13611,16299,1,2,4,6,9,5193.548188,,77.75362374,416700,264,469,-999,5471.00008152425,3263.00004862249,1255,6369.0000949055,547,913,5000.00007450581,128.000001907349,6005.00008948147,258.0000038445,1074,0,221.000003293157,5209,147,790,4869,95,802
Bronx,Mott Haven-Port Morris,36005004300,0,6691,11318,19434,24594,1,0,3,4,10,3741.712543,15000,70.75452729,177500,346,534,423700,8222,5803,2268,4434,80,867,112500,145,4643,54,888,32500,241,4789,29,989,5056,85,1082
Bronx,Mott Haven-Port Morris,36005004100,0,7054,8265,12970,18272,1,3,3,3,12,4245.967907,20681.81757,72.15975785,107500,267,504,237000,5962.99998889305,3937.9999926649,1909,6039.99998874962,118,1844,22499.9999580905,136.999999744818,6179.99998848885,93.9999998249114,1872,87499.9998370185,212.999999603257,5240,52,1331,6127,105,1527
Bronx,East Tremont,36005036700,0,7500,16042,17214,17391,2,1,0,5,2,5574.468243,16562.5,87.06666727,247200,543,674,497400,6142.99983980879,2576.99993279949,3158,1980.9999483414,26,962,21499.9994393438,174.999995436519,1395.99996359646,14.9999996088445,552,59999.9984353781,334.999991264194,2223,36,821,2599,55,789
Staten Island,Todt Hill-Emerson Hill-Heartland Village-Lighthouse Hill,36085027702,0,26365,48500,50164,55370,,27,30,27,34,13017.85783,43354.42793,145.0862136,116400,883,1175,277100,690.285986635308,687.365171459136,0,4079.89199858287,3790.73120117188,30.1817569732666,82524.99934665,258.000006315826,4625.00010445365,3650.00008243369,148,155000.003500609,731.000016509322,5883,4116,157,6193,4177,252
Staten Island,Old Town-Dongan Hills-South Beach,36085009602,0,20101,36709,52596,51710,6,10,16,20,21,11858.26755,25822.36949,117.7027016,224700,698,1015,514800,3112.00000860426,3084.00000852684,10,3163.00000874526,3059,14,60140.0001662789,253.000000699511,2944.00000813976,2725.00000753425,15,187100.000517306,544.000001504086,3340,2844,37,3461,2697,64
Staten Island,New Dorp-Midland Beach,36085012200,0,22532,45462,55705,68964,9,15,22,26,32,11787.61014,28029.3155,125.2758681,254200,776,1034,549800,4020.00000748783,4010.00000746921,2,3846.00000716373,3699,2,63639.0001185369,241.000000448897,3580.00000666827,3386.00000630692,7,200400.000373274,531.000000989065,3759,3419,22,3813,3262,23
Staten Island,New Springville-Bloomfield-Travis,36085017300,9500,16019,30321,39609,30625,5,13,19,21,20,9500,30816.32716,102.5482649,252700,470,414,556600,2357.00004746963,2133.0000429583,212,2723.00005484081,2051,216,69385.0013974035,167.000003363355,2726.00005490123,1724.0000347211,289,227200.004575774,420.000008458737,2540,1278,436,2523,998,577
Brooklyn,Flatbush,36047051002,0,9749,26090,24271,36094,,9,0,,19,7687.499656,30263.15452,98.65099286,202499.9986,616.0000072,898,829500,3960.44691327773,3793.1288921861,129.157775878906,4859.85466174223,504.889465332031,3129.140625,58400.0022430966,223.999998444525,5757.50116787944,154.98932480067,4383.73193359375,223499.997582601,451.00000618128,5444.00004225969,72.2109375,4328.54638671875,4725,193,3366
Brooklyn,Erasmus,36047079400,0,7092,27782,32014,40455,4,4,11,6,10,6703.703815,16250,86.39705677,148500,640,876,341300,1817.00000169221,520.000000484288,1275,1351.00000125822,75,1120,30625.0000285218,196.000000182539,1728.00000160933,31.000000028871,1552,138600.000129081,452.000000420958,1932,18,1745,1864,28,1592
Manhattan,SoHo-TriBeCa-Civic Center-Little Italy,36061003700,0,16442,46628,82651,81875,31,49,65,65,74,8151.569027,,123.7414806,433035.7868,1088.082524,1433,904400,2146.9999883516,2065.99998884217,37,1936.99998880678,1658,49,128145.160632792,267.611319290089,2102.99998805276,1862.99998960865,56,485309.597649153,529.873728570489,2256,1732,171,2447,2013,62
Manhattan,SoHo-TriBeCa-Civic Center-Little Italy,36061004900,0,14123,37879,63275,97675,17,51,60,72,80,5803.468361,,65.46875,869500,928,1796,1000001,3843,3718,68,4818,4320,74,181250,224,4913,4382,71,500001,509,5010,4220,127,4942,4077,109
Brooklyn,Kensington-Ocean Parkway,36047049000,0,12282,32422,27267,40899,16,22,20,26,40,9976.41536,22159.09091,133.6813174,225900,666,943,509800,5184,5132,14,4866,3657,527,43750,236,5287,3597,708,175000,477,6153,3534,879,5899,3424,534
Brooklyn,Kensington-Ocean Parkway,36047049200,8625,15339,26605,30926,51157,11,20,16,30,41,8625,21527.77642,100,227000,646,1038,467500,3020.9999887459,2884.99998925254,76,2728.99998983368,1773,405,42058.999843318,216.999999191612,3182.9999881424,1457.99999456853,895,170999.999362975,451.999998316169,3346,1157,917,3495,1350,513
Queens,Ridgewood,36081055700,0,12782,25590,34044,39226,,5,0,,12,8170.268186,23907.52148,77.01011687,210869.758,676.1468963,999,569800,3061.85045482582,3055.81455857112,1.02791934460402,3135.24813472473,2532.66584101265,24.0199423898011,43797.3169990173,177.058580309913,3410.02457004017,1708.14999850444,29.083758033812,167457.227889543,470.087759863962,3964.00000061421,1171.40881919861,131.354974538088,3915,1100,121
Queens,Glendale,36081056700,0,17704,35810,51544,58811,,5,0,,13,9404.481541,24014.7038,95.21707659,200899.9962,741.0000077,1113,530300,3958.21652410164,3949.2524203731,6.97208070755005,3807.80395661365,3662.38636769354,4.98005771636963,47909.9985282252,201.99999152986,3751.97541615367,3283.84999921918,20.9162425994873,187199.997370802,510.99999761901,4494.99987959862,2349.59106445313,88.64501953125,4574,1876,65
Brooklyn,Stuyvesant Heights,36047029500,0,9345,21708,31765,55361,4,6,14,21,34,5825.687732,18125,83.96551743,211800,568,962,701400,5232.00002923608,106.000000592321,5100,3818.00002133474,19,3716,43158.0002411641,180.000001005828,3623.00002024509,13.0000000726432,3465,150000.00083819,379.000002117828,3745,13,3543,3425,191,2832
Brooklyn,Stuyvesant Heights,36047038300,0,9161,24492,35966,38444,3,5,12,20,27,5890.0707,16562.5,85.09852085,180200,618,951,588800,5431.99993929267,155.999998256564,5236,3926.99995611236,15,3862,44090.9995072447,180.999997977167,4129.99995384365,24.9999997206032,3950,122399.998632073,385.999995686114,3999,36,3768,3931,96,3365
Queens,Hammels-Arverne-Edgemere,36081094202,5900,10163,13515,17917,43565,2,3,4,10,26,5900,20500,79.58646429,157500,333,589,368800,4071.99998933403,2395.99999372405,1653,3915.99998974265,1252,2247,34285.9999101931,135.999999643769,3766.99999013293,1091.99999713968,2135,131999.999654246,239.999999371357,3629,697,1990,4700,945,2132
Queens,Hammels-Arverne-Edgemere,36081094203,0,13431,25066,34844,49115,6,8,9,16,23,8016.260069,17403.84597,90.65573819,15600,497,644,22700,6117.00009969575,5444.0000887271,632,4029.00006566523,3359,456,5441.00008867821,226.000003683381,4710.00007676426,3727.00006074319,637,156300.0025474,355.000005785841,5441,2965,1390,5369,2971,1295
Manhattan,Lower East Side,36061002800,0,8080,18527,27976,41523,10,18,24,28,37,3998.575298,,62.78186275,184800,590,833,505400,8295.00009366951,6463.00007298205,1381,5402.00006100093,1500,846,6000.00006775372,165.000001863227,6827.00007709244,1944.0000219522,907,140000.00158092,359.000004053931,6701,1797,917,7114,2279,976
Brooklyn,Carroll Gardens-Columbia Street-Red Hook,36047007700,0,11538,31283,44444,113426,,8,0,41,66,6881.579231,12000.00047,69.78468705,368100,796,1809,861400,4421.46966577827,4266.4698303038,99.3588714599609,3913.74584573048,2869.48413085938,52.6602020263672,46500.001593431,173.000000142255,3606.72694084835,2667.78562980105,178.845962524414,209399.999185994,546.000023172921,3905,2720,253,3901,3006,131
Brooklyn,Park Slope-Gowanus,36047011900,0,7148,20332,28406,55156,,2,0,23,39,6271.915119,11273.92005,61.16259923,238015.625,684.6063618,1056,382600,2668.53021940255,2496.53005653286,143.641127765179,1497.25402337447,764.515777587891,27.3397977054119,20102.546867529,153.919271640964,1301.2729389766,591.214279834713,76.1540299654007,187149.701592683,403.499037204952,1555,541,152,1530,910,124
Bronx,Morrisania-Melrose,36005015100,0,8546,16667,18448,25639,1,4,9,9,10,4569.50697,14000,71.20225039,197700,514,840,395500,7811.00005819649,365.000002719462,7272,2257.00001681596,16,2055,22917.000170745,157.000001169741,2473.00001842529,10.0000000745058,1773,92000.0006854534,311.000002317131,4743,38,2504,5409,48,2533
Brooklyn,Homecrest,36047039200,0,15855,38199,31898,36078,7,12,21,26,19,9782.051195,28076.92447,129.1034561,266200,740,908,692300,3163.99997642636,3103.9999768734,8,2644.99998029321,2523,10,54023.9995974898,247.999998152256,2333.99998261034,2134.99998409301,17,246699.998161942,510.999996192753,2789,2445,13,2756,2287,23
Brooklyn,Homecrest,36047058400,0,16130,31636,37992,42380,15,12,19,28,40,11689.18954,23187.5,159.387343,203300,721,891,347300,4063.99995836616,3955.99995947257,32,3405.99996510707,3163,31,45325.9995356556,269.999997233972,3313.99996604957,2760.9999717148,41,191499.998038169,499.999994877726,3528,2778,35,3620,2723,46
Manhattan,Midtown-Midtown South,36061008400,0,10956,54834,70694,100455,32,36,64,73,84,5854.166521,,142.1999949,232700,1702,2001,614000,299.999996647239,257.999997116625,30,669.999992512167,419,136,,339.999996200204,695.999992221594,490.999994512647,58,274999.996926636,794.999991115183,1041,506,45,1595,720,72
Manhattan,Hudson Yards-Chelsea-Flatiron-Union Square,36061009700,0,13514,20842,32350,42568,17,24,27,38,53,6916.666667,,104,17800,522,711,37100,4950.9999023049,4254.99991603865,589,4465.99991187511,2959,444,6922.99986339262,202.999995994323,4808.9999051069,2871.99994332856,442,87499.9982734153,378.999992521422,4852,2565,590,5224,2491,724
Manhattan,Hudson Yards-Chelsea-Flatiron-Union Square,36061010300,0,12099,32146,61007,88910,22,32,41,59,79,6369.318362,,131.1038994,571400,1164,1997,687500,1299.00003720098,1076.00003081467,111,1434.00004106713,871,226,50000.0014319085,231.000006615417,1467.00004201219,831.000023798319,139,162500.004653702,510.000014605466,1463,817,90,2058,1219,106
Queens,Cambria Heights,36081061000,0,21616,53969,73596,67321,,10,0,,34,12148.53653,25866.31852,115.1164115,183744.7986,1211.138889,1428,458000,1101.75706293434,448.256029900163,635.333904266357,1253.50068763644,108.573741674423,1095.15540504456,47216.6939893122,243.541911995654,1112.46174896508,42.0696070529521,1020.01894760132,163234.826805449,664.545686073214,1238.42831968889,23.7687799334526,1153.22225570679,1268,13,1184
Queens,Cambria Heights,36081061200,0,23603,41989,76325,110492,,17,0,,33,13914.57734,25669.85746,118.379647,192745.9897,675.1285673,775,438900,1582.79271157831,1027.69049435854,550.007273674011,1739.9195788689,219.462222456932,1401.45091056824,49750.7237998325,268.264885007273,1717.76119508222,132.607675388455,1512.80525398254,174984.511328767,571.823377024295,1731.74222423509,81.4367677569389,1572.48889064789,1597,29,1475
Brooklyn,park-cemetery-etc-Brooklyn,36047054300,0,17000,,40357,31591,0,41,,20,47,,,,0,589,1471,-999,27.0000005029142,27.0000005029142,0,29.0000005401671,18,10,,217.00000404194,5.00000009313226,0,4,,,38,18,8,327,215,32
Bronx,North Riverdale-Fieldston-Riverdale,36005033700,0,26337,46339,56950,84071,,33,0,,58,14300.7459,33317.17698,164.1053752,295877.6558,934.8597612,1521,617600,3002.31633870024,2861.83842316782,26.0865725278854,2678.04663115274,2462.35041427612,14.5455588102341,67025.357351056,299.549656554627,2475.02139362227,2219.01788131986,29.5126894712448,236080.972692711,623.771338635114,3014.19436588697,2222.61155891418,129.887593626976,2357,1613,87
Queens,Maspeth,36081052100,0,15903,34725,48807,69177,,6,0,,15,9108.511368,21695.60685,103.1577063,213599.9999,764.9999707,919,499600,1980.9752811578,1972.44728567775,.10440307110548,1760.50023550652,1690.09477233887,3.67421674728394,42835.2564069882,215.144751964399,1598.26397052262,1400.13035401738,1.10975264012814,164367.252832725,531.106040591593,1906.00006133318,1445.80444335938,2.75566267967224,1983,1276,21
Bronx,University Heights-Morris Heights,36005025700,0,9141,19585,29559,32941,,6,0,,24,8785.713496,20625.00073,87.39496536,155206.2476,636.9424139,869,172200,1472.45172567666,1266.32697060704,183.0166015625,1281.45535467641,171.960683591664,374.413070082664,38496.0867694854,195.068823305584,1342.56082627452,53.6201390929054,488.082168161869,115604.887314763,415.096109214764,1512.47190201285,42.5279368786141,478.628697395325,1912,37,403
Bronx,Kingsbridge Heights,36005026900,0,12180,23194,31895,35083,16,11,14,16,21,10020.83313,21250,110.8196708,127800,555.2256245,878,153800,2668.99998990184,2611.9999901175,33,3605.99998635671,1299,767,41537.9998428411,201.999999235733,3817.9999855546,446.999998308776,1006,166299.999370804,414.999998429848,4098,229,1076,3777,154,754
Queens,Jamaica,36081044400,0,8724,14672,29346,24543,,9,0,,12,6110.008695,19021.4387,107.1328613,173315.0071,452.6328872,895,426700,2342.2433969262,1085.40613416045,1183.39135742188,1965.58520516579,340.725718200207,1025.9479777813,35323.2878408153,118.302513773819,2170.11883948725,151.432528409896,1321.10373973846,148468.691413596,330.039748399667,2460.0000000298,55.0833333358169,1317.58333337307,3236,63,1072
Queens,Jamaica,36081046800,0,15291,36767,35200,44618,11,13,19,19,16,9333.333123,21500,129.2378058,182600,660,927,444300,2472.00000460446,2375.00000442378,24,2979.00000554882,894,299,41562.0000774153,240.000000447035,3260.00000607222,377.000000702217,851,171600.00031963,574.000001069158,4064,175,972,3829,128,804
Bronx,Longwood,36005012901,0,4530,7244,13214,18142,1,2,2,6,4,3917.847037,14375,70.44567733,136400,282,650,291200,6040.9998755221,2909.99994003796,2704,1772.99996346643,26,465,19166.9996050542,152.999996847357,1849.9999618798,23.9999995054677,487,52499.9989182106,235.999995137099,2728,32,772,4015,46,1225
Bronx,Hunts Point,36005015900,0,9690,10350,16058,32400,1,1,5,8,3,3193.133503,,79.96008953,137085.2857,246.5930048,623,148600,6393.0000308603,3966.0000192523,2338,1269.00000305474,54,239,,150.184375332342,2158.00000832975,22.0000000745058,211,0,263.64390344157,2170,12,225,2164,17,210
Bronx,Soundview-Castle Hill-Clason Point-Harding Park,36005000200,0,17961,31632,42539,59826,2,5,9,8,14,9539.062397,14174.10793,110,167900,712,1003,392500,2736.99999880514,2452.99999892912,236,3375.99999852618,619,620,33533.9999853605,240.99999989479,3119.99999863794,336.99999985288,675,136899.999940235,527.999999769498,3545,209,807,4334,130,1012
Bronx,Soundview-Castle Hill-Clason Point-Harding Park,36005000400,0,14730,36646,39013,71968,,4,0,12,26,10833.53702,21139.84009,101.0795145,168800,555,1271,393700,2630.95839532085,2056.70190873548,505.628540039063,2277.24870278318,430.882720947266,320.522979736328,41161.0011543914,228.999993301088,2237.11747051225,188.695995338859,386.145935058594,155400.001798898,526.999996669265,3314,174,738,5503,189,1365
Brooklyn,Sunset Park West,36047000200,4500,8077,9798,29219,54688,1,2,8,3,4,4500,11562.5,72.47573079,325000,663,639,481500,1742.00003386685,1571.00003054237,110,1243.00002416561,126,37,17500.0003402238,189.000003674417,1065.00002070505,87.0000016913982,49,187500.003645255,428.000008320902,1303,71,61,1470,73,70
Brooklyn,Dyker Heights,36047014000,0,16030,39327,57436,51942,5,11,23,35,40,8128.204918,29863.63798,90.39682425,296900,676,1026,742300,2116.99998817034,2097.99998827651,0,1970.99998898618,1885,0,63458.9996453952,196.999998899177,1856.9999896232,1701.99999048933,2,250399.998600781,470.999997368082,2012,1641,4,1826,1444,25
Brooklyn,Bay Ridge,36047014200,0,14568,30227,42713,53622,5,11,27,39,31,9276.923077,27205.88258,86.22857143,233900,702,1049,683900,3436.99994393326,3420.99994419426,7,3134.9999488597,2855,4,61666.9989940449,212.999996525396,2897.9999527258,2465.99995977289,11,228899.996266024,475.999992235156,3238,2249,26,3223,2142,61
Queens,Breezy Point-Belle Harbor-Rockaway Park-Broad Channel,36081093401,0,17050,38059,42133,74981,,17,0,,43,9019.631609,31388.11878,132.1256278,268000.0046,721.9999844,1177,653500,3930.06835446188,3911.02767054084,7.24447637796402,3725.27384103024,3634.80829238892,14.0148561000824,59581.9091668077,243.00633163863,3598.41132677279,3326.26183660378,35.9576437473297,219708.382310602,513.929409896551,3869.00002750754,3319.35668945313,90.3857803344727,3789,3452,55
Queens,Breezy Point-Belle Harbor-Rockaway Park-Broad Channel,36081093402,0,17050,38059,42133,80577,,17,0,,36,9019.631805,31388.11655,132.1256282,268000.0113,722.0000132,924,608400,4113.92526741601,4093.99382001441,7.58338823914528,3899.55003333692,3804.85246086121,14.6705003976822,59581.9119700727,243.006325360575,3766.75262224377,3481.87140310427,37.6398203372955,219708.375665948,513.929405924452,4050.00020849705,3474.6435546875,94.6142272949219,3657,2915,171
Queens,Breezy Point-Belle Harbor-Rockaway Park-Broad Channel,36081093800,0,13306,27957,37902,38275,,13,0,21,23,9501.123358,20592.67458,146.8616813,15700,596,948,213300,5117.97562363897,4974.0812777263,110.302582152188,4575.40774039976,4189.60660171509,223.55224353075,20826.7035296553,243.99303558212,4338.83606890747,3670.86677203171,382.402526855469,134399.994961847,404.999986857834,4345,3336,351,5218,3571,631
Brooklyn,Gravesend,36047031400,0,17452,27668,32110,44038,,9,11,,23,10283.04737,23617.02378,119.2809239,145204.9919,542.1400792,852,417100,5149.6586613605,5126.46427736574,1,5169.2288575797,4970.06261634827,1,47675.6794469745,235.8143071288,4423.74507194827,3857.19000472498,23.3887685537338,172550.460736848,411.046649954259,4507.80344969034,3379.98487758636,29.7775371074677,4544,2989,49
Brooklyn,Seagate-Coney Island,36047034800,0,7786,18164,23291,41414,,2,0,,17,5420.412891,14441.02698,69.92990396,157106.7359,639.1014,1010,407400,2044.65220754879,1934.14427585747,84.7629547119141,1501.58145620648,1059.77641296387,75.652702331543,22319.1267438832,149.681625938503,1333.73779485495,705.690879736736,62.357649564743,143384.017232661,398.350749758559,2029.19657450914,749.144123077393,162.753888607025,2537,676,120
Manhattan,Chinatown,36061001800,0,8093,19707,25747,42734,4,9,9,10,34,3926.470728,,51.59619433,667800,517,983,1000001,7735.00001800945,4637.00001079636,718,6961.00001620734,978,189,65000.0001513399,125.000000291038,9247.00002152985,860.000002002344,187,42500.000098953,304.000000707805,10157,967,273,8660,1857,311
Manhattan,SoHo-TriBeCa-Civic Center-Little Italy,36061004100,0,8527,16810,20950,26627,3,9,13,17,34,4884.879894,,44.24760661,188200,501,820,1000001,9293.99999134429,4112.99999616947,187,8668.99999192636,2483,116,169999.999841675,107.999999899417,8640.99999195244,1728.99999838974,52,112499.999895226,247.999999769032,8957,1724,75,7817,2277,67
Queens,Maspeth,36081051700,0,13572,30703,34362,61719,,7,0,,24,8718.247785,20020.80979,84.09942782,229275.3221,631.6882865,1081,560800,1985.3543222976,1979.08402134942,1.87106871604919,1856.47261961543,1818.4218711853,.325783133506775,48443.5423842817,187.848446103974,1669.60689948351,1513.56483490052,3.84094151854515,183512.320778031,500.557241067692,1762.99997642636,1501.10838317871,3.20532801747322,1957,1404,22
Queens,Middle Village,36081060701,0,23558,31641,52321,-999,,8,0,,,11750.0002,27927.92815,123.8461581,239500.009,801.9999629,-999,-999,339.595150649548,338.535571396351,0,290.589610189199,286.086395263672,0,60696.9983200736,235.000001581819,279.993817657232,263.305444419384,0,214700.002252404,604.999986386744,292.708768695593,263.570343017578,0,25,15,0
Queens,Bayside-Bayside Hills,36081111300,0,27305,53884,76890,108917,,26,0,42,53,12847.51214,33753.58257,137.3565759,340300,983,1290,766300,2554.2228246071,2391.87518458837,130.840218253434,2419.31650647695,2040.23689460754,131.803307846189,71557.2426518337,296.084602332396,2198.09217131447,1714.04341769071,83.0919524133205,284117.505919931,790.988819857833,2514,1750,60,2559,1449,45
Queens,Bayside-Bayside Hills,36081112300,0,21584,47500,46964,73443,,17,38,46,54,10270.42494,27743.98608,126.6844447,263600,861,1316,690900,2083.14276162668,1885.33383095017,180.26416683197,1701.81049595224,1368.25631332397,169.281190633774,60991.9499121364,266.153937612141,1725.00001606531,1130.00001052395,140,221900.002066605,616.000005736947,2111,1055,100,2102,781,85
Manhattan,East Harlem South,36061016800,0,10026,14419,22061,22246,9,13,20,21,23,5549.504843,,85.11573914,1000001,349,427,1000001,6947.99997411668,4136.99998458847,2573,5560.99997928366,919,1557,216666.999192853,138.999999482185,4729.99998237938,586.999997813255,1071,500000.998137351,252.999999057502,4158,547,1072,5675,987,1604
Queens,Laurelton,36081035800,0,20150,47100,51960,70918,9,10,17,24,18,9569.767665,23485.71535,142.6956536,185800,847,1173,447400,3793.99995936546,1812.99998058239,1936,3226.99996543815,207,2806,45632.999511261,252.999997290317,3649.99996090773,85.999999078922,3356,157899.998308858,654.999992984813,3923,37,3671,3927,30,3606
Queens,Laurelton,36081064600,0,23171,50380,58333,77857,18,14,16,27,24,11451.32718,24322.22253,112.8571418,184800,683,1153,450900,2749.99999103602,2524.99999176944,200,3122.99998982018,374,2541,48907.9998405781,229.999999250285,2959.9999903515,138.999999546912,2661,165799.999459554,576.999998119194,3134,59,2927,2829,45,2603
Queens,Elmhurst,36081047500,0,17642,29969,41495,45221,8,19,29,32,30,10038.83466,25422.53457,145.1226972,232000,764,1097,436400,2707.00001323572,2587.00001264899,17,2727.00001333351,1827,7,54880.0002683327,264.000001290813,3314.00001620362,1197.00000585266,49,227200.001110882,644.000003148802,4130,741,42,4835,501,50
Queens,Elmhurst-Maspeth,36081047900,0,18582,31302,36078,56360,,18,0,,29,9859.970986,25733.75616,151.8155216,234914.9663,819.9571585,1095,586300,4071.95022600887,3911.86813018711,13.0051309745759,4016.1041900453,2507.94106864929,17.006954354234,51813.9694190163,273.960003812228,4578.26240240294,1805.51368998771,39.0260788276792,207003.494230765,598.039430254077,5280.26047069253,1056.46324563026,70.0484749525785,5456,699,58
Queens,park-cemetery-etc-Queens,36081056100,0,22525,,,104875,,6,,,100,11231.21934,17499.99968,23.23335164,,0,1238,-999,43.4430645513763,43.3289397532414,.0190207995474339,36.3737655421627,33.8059577941895,.0190207995474339,35535.9994100454,214.000006251386,13.0000000968575,13.0000000968575,0,,0,7,0,0,73,30,2
Queens,Glendale,36081056500,0,16532,33250,29917,45711,,6,7,10,19,8136.363847,17500.00062,98.21428159,182900,671,1320,471400,851.489934952167,845.604059825769,.980979204177856,795.574121251391,663.141906738281,.980979204177856,35536.0009700026,214.00000219153,814.999986337498,403.999993227422,19,134399.997746944,541.999990914017,1120,288,45,1567,235,63
Brooklyn,Flatbush,36047077200,0,16147,31045,47730,55507,19,36,27,32,35,10406.59343,32580.64431,101,321700,626,946,877400,3128.00001256308,3073.00001234218,36,3112.00001249881,1919,723,61597.0002473938,218.00000087556,3467.00001392461,1372.0000055104,1415,244600.000982394,455.00000182743,3325,1064,1764,3394,1200,1636
Brooklyn,Flatbush,36047077000,0,12533,33723,41775,53672,19,23,23,21,30,10167.83222,36646.33929,97.77272995,286600,628,974,338200,2377.99999889266,2235.99999895878,62,2557.99999880884,1103,894,62114.9999710754,209.999999902211,2465.99999885168,300.999999859836,1732,260399.999878742,469.999999781139,3063,206,2457,2722,194,2008
Brooklyn,Flatbush,36047078600,0,11686,31385,33822,35092,,15,0,,14,8634.057586,28571.4275,120.9493689,173500.0041,661.9999936,849,199300,3853.00121713418,3726.16577012121,53.9300308227539,3893.94809372892,1569.96313476563,1630.88415527344,48056.0015731477,228.999991168765,3041.05461538973,544.293847417866,1993.41381835938,206899.999246498,470.999990773956,4463.20958030224,240.687744140625,3556.38598632813,4256,190,3276
Brooklyn,Flatbush,36047078800,0,16690,25136,26353,37092,7,6,10,8,13,8275.640767,22410.71489,117.7391285,234000,599,972,427800,3194.99994643964,2499.99995809048,641,3572.99994010292,265,2770,45416.9992386382,241.999995943159,2432.99995921366,47.9999991953373,2135,153099.997433461,480.999991936609,3775,36,3432,3422,35,3015
Brooklyn,Prospect Heights,36047020300,0,8188,34231,38942,48643,0,3,10,21,63,4311.320746,13125,75,192900,650,1339,661100,2025.99997735769,766.999991428107,1217,1002.9999887906,88,641,17499.9998044223,177.999998010695,1034.99998843297,47.9999994635582,685,112499.998742715,448.999994982034,1192,140,684,1697,597,565
Brooklyn,Clinton Hill,36047019900,0,7900,28830,38717,53934,6,14,34,40,61,5057.229152,19642.85739,86.44268816,248300,663,1189,1000001,3578,1177,2347,2692,295,2230,39000,189,2894,282,2279,234400,429,2946,451,2067,2929,1092,1334
Brooklyn,Clinton Hill,36047020100,0,10508,25967,45189,74556,5,17,29,49,56,5263.546958,17083.33333,84.5263109,248100,750,1248,994600,5253.99993883539,276.999996775296,4920,3424.99996012775,125,3169,44285.9994844431,166.999998055864,3660.99995738035,470.999994516838,2922,217299.997470295,512.999994027894,3632,579,2608,3421,1472,1460
Brooklyn,Flatbush,36047050600,0,11226,22193,26369,32446,11,12,13,10,22,8089.285802,29117.64803,89.76431475,222800,638,903,711100,5066.00011618272,4750.00010893564,114,5308.00012173271,1053,2214,47692.0010937597,212.00000486197,6695.00015354191,563.00001291174,3825,233300.00535046,433.000009930343,6187,310,3543,6016,535,2659
Bronx,Schuylerville-Throgs Neck-Edgewater Park,36005011000,0,4775,6745,9461,41641,,0,0,,0,3600.000127,22727.27131,106.6666645,186299.9947,196.0000047,866,-999,17.3417928893396,16.9542667912538,.387526094913483,22.5733952134979,14.4353475570679,3.4877347946167,42142.998463134,83.9999994636418,46.1156056722102,21.4108169192405,7.65364027023315,187499.993945675,178.000001364315,38.4619678780437,13.1758880615234,7.26611471176147,151,5,15
Queens,Whitestone,36081097300,0,26180,53390,63828,90000,,15,0,,22,15222.77255,34598.21394,123.7499957,303299.9946,816.9999893,1381,740200,2416.41240722147,2410.74894064205,1.88782215118408,2145.50992250563,2028.46496582031,2.83173322677612,76191.001693379,272.999994467483,2188.6070891791,1950.49933695653,.992115616798401,280100.003871699,628.999989791682,2264.99995315075,1915.77526855469,2.97634696960449,2016,1653,10
Queens,Whitestone,36081098100,0,22526,38807,53281,74766,10,17,19,33,38,9724.490506,31071.42737,94.23076345,285100,862,1500,765900,2163.00000226626,2144.00000224635,1,1849.00000193727,1771,0,73106.0000765959,239.000000250409,1852.00000194041,1645.00000172353,0,277700.000290957,627.000000656932,1908,1477,5,2249,1463,31
Brooklyn,Sunset Park West,36047001800,0,7080,15781,85000,-999,,0,0,12,11,4236.725882,11220.70562,66.96083232,187500,950,-999,-999,476.695268744877,437.764119389357,35.6822276115417,144.901815697488,117.98273396492,13.3687716722488,22045.0011778576,130.124494361734,14.5053831369815,7.08385321098458,.903490602970123,155400.004395865,320.6346205534,1442,292,338,2105,269,586
Brooklyn,Park Slope-Gowanus,36047014300,6000,9793,23906,31771,58571,1,5,9,23,47,6000,12500,67.58620482,223300,695,1153,855700,3625.9999432246,3452.99994593341,140,3274.99994872051,1462,77,27166.9995746229,163.999997432111,3263.99994889274,1080.99998307385,115,156299.997552676,438.999993126199,3682,1063,138,3487,1613,163
Queens,South Ozone Park,36081081800,0,17246,42711,49631,64318,4,5,0,13,20,9424.242,21029.41216,120,170700,802,1228,485700,3223,2589,570,3219,759,1798,38182,241,3114.99516770989,349.02661017701,2031.08205795288,145592.567026926,580.745785106892,3531,211,2096,3478,162,1601
Queens,South Ozone Park,36081084602,0,20258,30637,53646,57400,,1,0,8,4,10790.93755,25101.66089,143.972248,219000,1063,1088,617100,595.118732847779,594.121155738778,0,640.91230566848,517.216149449348,18.952428876888,47782.4473542871,257.996177818085,812.357378968721,360.35003504981,196.945951659232,179206.125146841,587.984634860374,1109,361,246,1053,142,363
Queens,Flushing,36081079702,0,18229,29623,37897,34318,,35,0,,23,12943.68977,27818.18051,182.1606586,93700.00007,802.9999961,1030,309100,3604.82445354236,2960.53472106892,141.572143554688,3490.55272738333,1489.82250976563,400.146057128906,54714.0007907967,294.999990304459,4090.77179413673,1063.93607154209,333.065032958984,209899.997680986,590.999994036644,4635.99997347593,585.788818359375,249.603759765625,4502,257,139
Queens,Queensboro Hill,36081080301,0,19877,35833,38556,51688,10,10,14,25,20,10333.33254,27714.28571,136.875,270100,787,1307,632500,2757.99999357853,2679.99999376014,1,2825.99999342021,2548,7,59152.9998622737,267.999999376014,2792.99999349704,1791.99999582767,32,220799.99948591,688.999998395797,3891,1237,29,4382,639,41
Queens,Kew Gardens Hills,36081080900,0,18597,37260,47867,57222,13,23,26,34,47,11329.14581,30329.67044,164.8205914,74600,671,898,224800,7947.00004625763,7710.00004487811,149,6542.00003807945,5610,175,63529.0003697874,272.000001583248,6321.00003679306,4931.0000287022,347,215800.001256121,445.000002590241,6401,3987,608,6850,3802,468
Manhattan,Upper East Side-Carnegie Hill,36061014200,0,40563,108898,145979,222829,46,59,69,80,83,16106.19481,62352.94186,276.4397925,1000001,1368,1992,1000001,6432.00002396107,6294.00002344698,91,6035.00002248213,5649,66,218125.000812579,506.000001884997,5118.00001906604,4801.00001788512,30,500001.001862649,916.000003412366,4980,4603,32,4462,4065,27
Brooklyn,Ocean Hill,36047036100,0,6658,14779,17212,20288,1,5,5,6,15,3693.965651,,80.90308453,196900,387,703,398100,4279.99991230667,1131.99997680634,3061,1286.99997363053,12,1122,26999.9994467944,181.999996270984,1371.99997188896,8.99999981559813,1141,143799.997053668,342.99999297224,2533,18,2023,2608,42,2019
Brooklyn,Crown Heights North,36047031100,0,7765,21429,25086,37835,3,5,3,7,20,4992.536922,15937.5,80.15337,173300,526,888,483600,3736.00003827363,37.0000003790483,3659,2378.00002436154,22,2296,43750.000448199,185.000001895241,2615.00002678949,64.0000006556511,2394,156300.001601223,408.000004179776,2650,14,2449,2833,119,2364
Brooklyn,Crown Heights North,36047031300,0,10146,18679,22514,27625,5,8,11,10,25,6109.289474,21428.57207,91.20060484,188800,510,774,654500,6543.99996952713,162.999999240972,6331,4351.99997973442,43,4151,55171.9997430854,175.999999180436,5506.99997435603,61.99999971129,5145,191699.999107327,352.999998356216,4782,37,4397,4648,246,3900
Queens,Forest Hills,36081075701,0,20817,39992,56267,75323,,36,0,,61,11838.69498,54702.47986,176.2384199,142100.0037,846.999998,1565,278700,4826.02193986729,4752.1134237413,20.8235656395555,4281.94947909207,3880.62315750122,30.6870004609227,111265.97109019,316.230938911771,3997.67334422368,3294.85129674464,59.2058443874121,437459.794707501,553.014068493164,4659.99981820583,3173.15161132813,97.3963241577148,4678,2471,198
Bronx,West Farms-Bronx River,36005006200,0,7656,13778,16314,20952,2,2,6,7,7,6292.683143,27500,89.18393514,219800,408,671,505700,8231.00022805505,3856.0001068376,3833,7201.000199517,219,3811,40000.0011082739,157.000004349975,6855.00018993043,104.000002881512,3468,158300.004385994,320.000008866191,6399,91,2813,6585,38,2212
Manhattan,Battery Park City-Lower Manhattan,36061001300,0,10096,21488,81595,111220,5,24,19,,83,4444.444196,,46.15384743,187500,2001,2001,710400,158.000000294298,150.000000279397,8,170.198795460165,147.222891569138,19.7289156913757,,219.000000407919,392.415663136169,171.162650857121,104.656626224518,,602.186187293386,1607.00000065565,1146.64457702637,141.409638404846,4479,2872,220
Brooklyn,Canarsie,36047096000,0,0,,66250,-999,15,,,100,,11857.14263,38750,145.2272849,,850,-999,-999,362,340,21,11,7,0,,,0,0,0,,,3,3,0,0,0,0
Brooklyn,Canarsie,36047096200,0,17162,29185,35703,63705,2,6,3,10,25,9555.555412,23181.81773,106.8493141,227000,906,1006,520400,1466.9999972675,1459.99999728054,0,1348.99999748729,1262,0,40788.9999240246,236.999999558553,1346.99999749102,1146.99999786355,31,170499.999682419,526.999999018386,1674,311,1114,1717,120,1396
Queens,Kew Gardens,36081077300,0,18483,36144,58267,62197,,31,0,,59,8925.565081,50122.99806,102.5183081,259757.9241,787.3533401,1032,199100,1403.04512042658,1380.53536145717,8.0009331703186,1809.60295423235,1616.43713378906,22.7815337181091,110395.925807018,237.999999967304,1190.9453370024,994.857245838502,23.5722494125366,283655.211750783,488.329367815183,1213.00001436472,812.56591796875,62.066535949707,2234,1247,98
Queens,Kew Gardens,36081013400,0,16468,36136,40286,57985,,34,40,41,53,8847.327677,42767.85549,134.3303541,130200,751,1081,248700,5022.58785663239,4831.90494635781,78.1799926757813,5104.99995721038,4260,145,88888.999254941,259.999997820705,5251.99995597824,4011.9999663718,140,305999.997435138,505.999995758757,5522,3406,341,5474,3172,422
Queens,Elmhurst-Maspeth,36081024300,0,20148,39162,39985,53241,,13,0,,19,10538.1578,27915.41489,123.1758135,242280.2308,753.7813399,1212,604400,4397.93426232564,4301.63315652265,13.129338607192,4120.12723082861,3347.12566202879,31.1296702387335,57609.7202972715,245.043343840927,4285.7777799092,2522.88595660161,30.1283973790705,220150.244491342,618.299554839013,5251.3900256221,1984.21138221025,47.3954176241532,5440,1535,89
Queens,Maspeth,36081051500,0,18707,32847,40793,57287,6,11,14,17,25,11558.13916,26006.49315,96.42857143,214200,605,1002,369600,3324.99999748397,3320.999997487,1,3180.99999759294,3023,16,58808.9999554993,195.999999851687,2648.9999979955,2237.99999830651,8,218199.999834888,376.999999714724,2798,2162,16,2852,2029,18
Queens,Forest Hills,36081071100,0,20073,37678,51970,67926,,28,0,,59,11847.36336,32140.8922,173.0882517,168386.4203,837.962511,1309,275000,6733.8324436961,6517.57872983531,46.6528189182281,5536.96558151371,4702.38891601563,57.5750240087509,68863.7096180048,311.603578902401,5278.14037911652,4057.11175038118,88.6751480102539,242116.082533275,541.13829655319,5576.51758551598,3493.95965576172,131.675283432007,5272,2908,151
Queens,Forest Hills,36081071305,0,18127,35313,46750,73333,,29,0,,61,11250.44122,31428.57263,175.9313292,99199.99874,870.0000071,1542,330000,5027.15929241851,4888.45117371529,17.0579566955566,4514.97170846909,3961.93481445313,20.6491050720215,66859.9999760649,306.999985514871,4156.75462521613,3497.3299443908,45.7871475219727,224999.993414049,562.999999117329,4686.00004884601,3091.0810546875,101.449951171875,4871,2762,182
Queens,North Corona,36081038100,0,13528,26323,33516,40237,7,7,14,10,11,7547.169926,18881.57742,117.9646014,176500,747,991,324700,3435.99995519966,542.999992920086,2829,3512.99995419569,82,2700,38461.9994985126,265.999996531755,3964.99994830228,66.9999991264194,2239,169999.997783452,544.999992894009,5298,89,1538,6808,112,927
Queens,park-cemetery-etc-Queens,36081038302,0,18101,54495,51766,97500,,37,0,,39,11951.13964,37163.46202,164.4622082,112899.9991,849.0000284,1500,-999,62.6108372387018,59.0938944226328,1.90655326843262,74.0103438314311,60.1312236785889,2.8320643901825,67796.1813993286,282.999989937433,259.864417815908,98.614662432588,124.438983917236,220451.92863205,602.839222924547,1647.21126937866,639.296875,280.704528808594,56,14,16
Queens,South Ozone Park,36081017800,0,16000,38125,45313,46401,3,5,7,12,14,7814.285403,18306.45115,122.9268266,164700,426,936,424200,1873.00000697747,533.00000198558,1317,1671.00000622496,143,1253,34620.0001289696,215.000000800937,1953.00000727549,100.000000372529,1538,132800.000494719,556.000002071261,1911,38,1392,1925,49,1033
Queens,South Ozone Park,36081084000,0,18212,38051,47908,59464,,5,0,,22,10472.34064,21325.08811,111.2820537,190099.9946,749.9999999,1127,461600,4917.38329153508,4878.40403373633,24.9867038726807,4895.39499226399,3396.19287109375,450.760131835938,40021.0020529851,226.999995172033,4900.39233300742,2066.90013148263,940.49951171875,160899.998904713,561.000009986399,6899.32862395048,1084.42297363281,1923.97619628906,6478,585,1669
Brooklyn,Brighton Beach,36047061002,0,15357,19307,27361,47679,,20,0,43,68,9243.178118,42687.00179,176.9986069,178800,722,969,542500,2642.66214827863,2624.40431660983,13.1200861185789,2523.478948726,2463.96823692322,16.4591528177261,104159.979395368,301.019485838823,2418.20284024077,2273.45495573021,25.5269576311111,412821.158942656,499.028829522668,2747,2618,9,4508,4344,26
Brooklyn,Brighton Beach,36047061004,0,8112,14336,19490,22574,,12,0,,39,5647.058553,22023.80781,94.88094613,198200.0082,631.0000113,926,363400,6003.75780744654,5947.79836925149,26.0632991790771,5746.95764586654,4984.9892578125,99.6537933349609,40625.0003553297,194.000002033627,5681.74830211077,4218.71315643961,114.29001121968,179482.946148961,405.024695730556,6582.00010871887,4765.71875,77.69775390625,6447,5609,44
Brooklyn,Sheepshead Bay-Gerritsen Beach-Manhattan Beach,36047060800,10000,13704,30712,42792,51250,8,15,0,30,43,10000,17250,139.2025907,173600,744,1044,507700,3138.99997022906,3108.99997051359,10,2558.9999757299,2334,53,38124.9996384145,242.999997695337,2716.04196332854,2201.60223875547,85.9064407348633,159600.001351257,487.000007894976,3725,2628,315,3574,2839,77
Brooklyn,Brighton Beach,36047061003,0,8112,14336,19490,32039,,12,0,,36,5647.058344,22023.80865,94.88095629,198199.9991,631.0000031,976,476400,1800.58009098837,1783.79736031394,7.81661415100098,1723.56345022214,1495.04248046875,29.8870544433594,40625.0006845071,194.000002551327,1704.00659102183,1265.2294050993,34.276585733518,179482.948612093,405.024689402722,1974.00001877546,1429.28125,23.3022441864014,1984,526,35
Manhattan,Clinton,36061012900,0,8624,30087,52743,76082,3,12,45,52,71,4342.105534,,52.29074968,278000,1260,1703,807900,3113.9999641561,2882.99996681504,166,2316.99997333002,1022,202,,147.999998296436,3618.99995834327,1995.99997702491,370,0,639.999992633238,4457,2341,448,6038,3206,464
Manhattan,Clinton,36061013500,6240,10602,17840,25229,33654,8,10,13,19,39,6240,,53.625,59700,526,850,-999,1597.00001078309,1482.0000100066,97,3661.0000247194,1721,482,10000.0000675209,189.000001276145,3837.00002590776,1351.00000912207,561,0,384.000002592802,3505,1014,450,6596,2550,759
Brooklyn,Bath Beach,36047029200,0,10462,22857,25655,25104,7,10,16,27,31,7376.922504,31000,86.32450133,308800,645,794,633000,2078.00000774115,2049.00000763312,14,2171.00000808761,1993,9,63750.0002374873,197.000000733882,2193.00000816956,1707.00000635907,17,279200.001040101,444.000001654029,2442,1599,40,2539,1375,34
Brooklyn,Bensonhurst West,36047029400,0,12256,29755,40227,29871,,11,0,20,18,9377.058163,30947.99073,107.4842399,312800,687,764,654300,1901.28279190878,1873.93303713495,1.18516471982002,2064.54212814909,1849.31290054321,4.4629117846489,63231.8861202319,217.151583140948,2213.0174903408,1644.28335203224,22.3034644126892,241295.370554161,485.945542833845,2351,1509,43,2321,1420,63
Staten Island,Todt Hill-Emerson Hill-Heartland Village-Lighthouse Hill,36085027900,0,25956,51851,72204,84398,,21,0,,32,14068.52793,37114.99884,106.5297942,381287.0136,615.2031921,966,642500,1577.96313181015,1573.66173696028,.185473755002022,2159.31625346583,2086.19091796875,5.51005280017853,83171.0874499308,240.894588324998,2015.32712357039,1918.89566914132,9.32457906007767,281887.444184212,545.387480857256,2092.99999433011,1949.8410949707,8.46074211597443,2137,1927,5
Staten Island,Rossville-Woodrow,36085020801,0,24250,51934,60528,68855,,11,0,,27,10705.88227,17083.33409,84.99999834,189499.9945,741.0000328,1073,462000,325.255550958743,323.260118130775,1.99543285369873,414.052311803308,384.120819091797,10.9748802185059,59999.9977481743,257.000000648183,4971.62089088165,4422.87686319052,30.9292087554932,168600.007832426,584.00002216194,8256.68859839439,7227.22607421875,46.975471496582,8977,7764,75
Staten Island,Rossville-Woodrow,36085020803,0,25350,55756,70885,86121,,14,0,24,28,11574.65963,29295.03902,105.3333357,283700,698,1047,613200,2116.73785919002,2081.23444801795,28.7700061798096,4033.30993470301,3871.09619140625,14.6910667419434,68459.0012962577,245.999988430616,6189.8360995169,5743.5949487507,17.1395778656006,216600.004136893,549.000004327571,5318,4807,13,6463,5672,41
Brooklyn,East Williamsburg,36047044900,0,7645,19216,18074,23385,0,4,7,6,10,6474.284339,16785.715,78.28827933,175839.6226,360.9293139,421,555300,3734.00005823886,1707.00001379941,1947,3206.00003801892,597,1555,48749.9997826671,135.149008058186,3337.000052711,480.999998188112,1543,140026.595336732,241.841994184172,3100,461,1165,2932,574,1001
Brooklyn,Greenpoint,36047058900,0,14058,35893,41552,88971,,4,16,21,50,8026.32401,14647.35881,66.00825227,221600,652,1169,688400,2197.37310385457,2172.91454617926,8.17569133639336,1835.5359013407,1655.17102050781,9.9649076461792,33393.0003713471,152.999992877886,1834.00000074727,1633.00000066537,16,154200.000062829,412.000000167871,1774,1624,8,1904,1656,22
Queens,Ridgewood,36081058100,0,15920,32299,35909,48370,2,5,14,17,24,8907.692655,23333.33438,76.57407134,212900,647,1001,552300,2506.9999819051,2502.99998193397,0,2182.99998424365,2095,1,44332.9996800155,178.999998708023,2222.99998395494,1942.99998597591,1,180099.998700083,483.999996506609,2608,1682,55,2662,1554,44
Queens,Glendale,36081057700,8345,14661,31429,38185,46708,1,4,9,11,23,8345,23409.09264,82.6587255,219400,654,988,551400,3402.99999762303,3390.99999763141,4,3089.99999784166,3011,1,48666.9999660065,184.999999870779,3073.99999785284,2756.99999807426,1,191999.99986589,466.999999673804,3483,2384,23,3625,2066,65
Queens,park-cemetery-etc-Queens,36081091800,20000,0,28750,,-999,0,0,1,,0,20000,53000,,0,,-999,-999,262,260,2,228,179,42,112500,,264,159,84,500000,,16,12,0,17,13,0
Queens,Breezy Point-Belle Harbor-Rockaway Park-Broad Channel,36081092200,0,33120,66589,90929,106853,,49,0,55,55,16641.15145,44671.72343,161.4620378,394300,747,1625,834600,2331.28167877673,2303.21481013851,24.0422325618565,2377.99006701293,2339.65569019318,5.04927131906152,81526.7748707363,291.155385042607,2190.72660680267,2123.36059027889,9.0316744223237,319796.490452661,674.591906527905,2206,2100,9,2206,2076,7
Queens,Glendale,36081057900,0,14449,26875,32625,23800,2,6,8,6,18,9051.724453,24625,80.82417675,216700,659,903,490200,1594,1593,1,1513,1484,0,50000,181,1460,1361,0,184200,396,1566,1091,2,1592,942,19
Queens,Ridgewood,36081061301,0,14609,29980,42722,60426,,5,10,14,26,8449.275006,27500.00018,80.37735751,226900,717,1027,614300,3433.67688006696,3416.76711559386,0,4807.00000125912,4613,4,42083.000011023,187.000000048982,4721.00000123659,4279.00000112082,7,188800.000049453,460.00000012049,5011,3745,38,5295,3390,70
Brooklyn,Georgetown-Marine Park-Bergen Beach-Mill Basin,36047070201,0,27598,55029,67986,79278,19,20,33,40,46,15436.3382,48618.42288,157.9059778,371200,870,1385,760900,9373.99996453349,9315.99996475293,19,7531.99997150269,7395,10,88340.999665762,292.999998891435,6403.99997577048,6106.99997689418,11,374399.998583458,638.999997582345,6502,6143,26,6573,6120,38
Staten Island,Great Kills,36085014606,0,26522,51752,61024,90987,,14,0,24,27,12842.47054,29766.90386,142.1966755,214300,699,1420,432900,2825.79818207879,2816.54685405002,1.30349063873291,3343.60148694158,3271.52084350586,2.13492184877396,64977.5751210208,274.149996723088,5707.69459100514,5328.24302126375,5.97039175033569,193300.007664202,602.999992666715,6558,5857,31,6372,5518,48
Staten Island,Oakwood-Oakwood Beach,36085013204,0,25009,49369,59250,70234,,15,0,19,23,12785.4086,30235.48918,149.2657283,237400,721,1043,480900,4729.16571749803,4725.16769089547,.999506652355194,5846.11439958702,5611.72998046875,1.49925994873047,65099.0027230659,265.000007525968,5099.98268488506,4773.64376345146,6.99654674530029,191999.993226215,552.000010024815,5138,4666,23,4843,4098,25
Queens,Maspeth,36081053500,6000,12893,28750,31071,48080,2,1,12,7,4,6000,14375,69.87179487,187000,629,1039,535100,1103.00000308175,1100.00000307336,0,1008.00000281632,842,1,25000.0000698492,167.000000466593,1000.00000279397,662.000001849607,7,143800.000401773,474.000001324341,1117,417,16,1123,307,38
Queens,Ridgewood,36081059500,0,15446,26581,35828,55806,1,4,10,13,21,8076.923012,20357.14182,80.10988954,202800,679,1149,530900,3877.00001805369,3873.00001803506,0,3837.00001786742,3556,1,46552.0002167746,177.00000082422,3814.00001776032,2966.00001381151,7,180400.000840053,499.00000232365,4550,2402,41,4700,2298,110
Queens,Far Rockaway-Bayswater,36081101001,0,9418,15520,23721,32500,,9,0,12,16,8915.384509,30447.76093,131.0071827,178800,511,816,447600,4357.24628936878,3835.12262559278,470.702392578125,6644.08012843965,4162.86279296875,1476.52502441406,49495.0006603517,197.000005220433,7350.41625367774,3292.09141250973,2221.28588867188,185199.998208521,332.000014463679,9479,1953,4587,9943,2491,4264
Queens,Far Rockaway-Bayswater,36081101002,0,9418,15520,13776,21406,,9,0,34,36,8915.384508,30447.76048,131.0071914,260100,480,766,635400,3353.7533184486,2951.87702921939,362.297576904297,5113.91927354671,3204.13696289063,1136.47485351563,49495.0012561046,197.00000420601,5657.58308473343,2533.90829117904,1709.71398925781,185199.99502945,331.9999926445,3751,2796,678,4138,3218,575
Brooklyn,Sheepshead Bay-Gerritsen Beach-Manhattan Beach,36047062200,0,17584,29271,41130,46071,10,12,12,25,29,10993.93958,15220.58717,159.3260197,150800,745,1076,446600,3221.00004021593,3212.00004010357,5,3232.00004035328,3049,48,28015.0003497825,287.000003583351,3179.00003969154,2732.0000341105,160,133300.001664323,519.000006479997,3064,2701,90,3252,2600,273
Brooklyn,park-cemetery-etc-Brooklyn,36047066600,0,0,,,-999,,7,,,,,,,,,-999,-999,0,0,0,107,107,0,,,0,0,0,,,1,0,1,0,0,0
Queens,Ozone Park,36081004002,0,17672,42897,31751,61050,,1,0,,17,10212.5573,21816.99902,90.02684646,232678.1593,700.9365821,1000,520100,966.597122992098,961.591538659413,.00239329971373081,926.279612169892,829.108098506927,3.00079776655184,41996.1661049815,195.039842950159,1194.1774962729,704.691659687669,55.0135620310903,161121.790468476,527.992990779851,1258.18588109751,341.570004582405,110.240925505757,1270,179,114
Queens,Ozone Park,36081008600,0,19762,35662,45431,64286,,5,0,11,20,10669.7248,22276.11754,107.0491768,193100,709,1244,464000,2567.36831330064,2551.37224904331,11.9970483779907,2513.38159643217,2361.4189453125,.999754011631012,44526.002079222,225.999990377822,2293.43571289395,2024.50188256768,14.9963102340698,175800.002958888,509.000014740123,2703,1528,54,2811,1130,160
Queens,Woodhaven,36081004200,0,14057,31504,33000,51603,3,5,8,10,17,8789.855612,20691.49057,93.92857246,194700,692,979,472000,2964.00003174506,2951.00003160583,1,2668.00002857484,2311,0,38167.0004087766,201.000002152752,2750.00002945308,1649.00001766114,48,157600.001687929,530.000005676411,3740,812,293,4120,484,365
Queens,Woodhaven,36081003600,0,18313,27756,43438,52656,2,6,12,6,19,9835.821516,19962.12174,103.0999944,212500,773,1235,547000,2759.00001870931,2759.00001870931,0,2411.00001634946,2216,2,37500.0002542947,220.000001491862,2408.00001632911,1500.00001017179,34,158200.001072785,543.000003682188,3099,788,265,3295,402,376
Queens,Woodhaven,36081002200,0,14577,39049,47031,44286,9,10,24,22,27,8666.666667,23000,86.98411986,231500,684,1077,613300,2109.00002356991,2103.00002350286,1,1547.00001728907,1423,8,45577.0005093627,197.000002201647,1825.00002039596,1295.00001447275,27,183900.002055243,508.000005677342,2409,786,169,2077,406,158
Queens,Woodhaven,36081003000,0,20795,36687,58750,52813,6,13,17,20,34,9113.637097,23750,95,189400,798,1262,439300,1076.00002805889,1074.00002800673,0,1167.0000304319,1047,0,45917.0011973791,215.000005606562,1217.00003173575,932.000024303794,13,181400.004730374,568.000014811754,1364,491,86,1399,296,110
Brooklyn,Brooklyn Heights-Cobble Hill,36047000100,0,19273,42867,65348,85396,,48,0,,69,8155.949606,62580.64225,106.952715,178501.1519,691.369707,1422,457000,4757.7071808888,4405.6761811622,251.385116577148,5078.39635776462,3950.07180404663,514.336275100708,9407.12052177854,262.743614419875,3850.44937012611,3064.65758243171,375.664995193481,477516.728185673,510.048303022659,5498.00000667572,3920.61268615723,708.894366264343,4338,3166,427
Brooklyn,DUMBO-Vinegar Hill-Downtown Brooklyn-Boerum Hill,36047002100,0,14917,42153,74464,163147,0,29,45,62,80,5187.5,,60,468400,1074,2001,910500,432.999994253507,388.999994837446,24,401.999994664919,248,20,29999.9996018596,256.999996589264,418.999994439306,236.999996854691,104,162499.997843406,587.999992196448,1134,712,181,3604,2601,234
Manhattan,East Harlem North,36061019400,0,6399,11649,16507,16851,1,2,2,3,12,4455.696504,,72.57452144,450000,276,455,791700,9068.9998817537,5045.99993420765,3705,5721.99992539361,180,2334,12499.9998370185,135.999998226762,6514.99991505407,110.999998552725,2342,337499.995599501,263.999996557832,6845,115,2651,6558,274,2119
Brooklyn,North Side-South Side,36047055500,0,10875,24556,50203,59767,,9,0,,73,5489.888412,,48.01922526,123938.1737,1070.540961,1567,724000,751.473695337772,647.473693788052,30,545.842113308609,381.621052622795,19,15053.3213651564,110.158321491875,540.46842898801,361.394742112607,25.0368421040475,161698.058646359,320.196900904682,874.999999769032,672.89999961853,18.8473684191704,1959,1292,78
Brooklyn,North Side-South Side,36047055700,0,9708,21479,40320,60119,,3,0,,62,6097.099307,10000,55.74281583,216266.811,604.6689067,1677,295000,1743.57895708177,1698.57895683032,26,967.473689579638,700.93684220314,2,22034.9272814014,122.123877272257,1081.99474283855,833.815794084803,3.08947368711233,136418.468634535,319.422322973018,1168.00000055134,888.900000572205,12.0578947067261,1655,1266,40
Queens,Glendale,36081063700,0,21634,42874,50890,54767,,10,0,,25,10496.644,27804.46687,138.5190325,236653.8741,824.0215393,1253,553700,3173.50618905376,3056.06272565614,100.093360997736,3184.80961217027,3076.70176315308,.0700207501649857,60115.4612678265,251.445957336467,2950.0788056468,2700.02279162989,2.23340249061584,213864.744694126,591.527381759766,3138.00000090897,2552.80186843872,38.8635892271996,3148,2261,45
Queens,Glendale,36081063900,0,20778,36198,45323,59115,9,15,20,23,23,10733.87089,27088.60829,108.25,220200,638,1069,517300,2861.99997734372,2829.99997759704,32,2619.99997925945,2529,25,54687.9995670766,234.999998139683,2442.99998066062,2277.9999819668,36,215399.998294842,492.999996097293,2670,2082,57,2747,1799,73
Staten Island,Charleston-Richmond Valley-Tottenville,36085022600,0,20140,43560,61278,77240,,10,0,,26,11528.03653,21163.43767,92.08075924,281300.0029,662.9999935,862,520900,2238.50765045246,1851.4334286168,378.232506052358,2439.07574675666,1717.93209767342,460.770970787853,59944.0229981828,230.01130213882,2689.57778075665,1807.57879320326,487.752861145884,214879.071403249,518.272289915181,6063.00016450882,4601.64111328125,540.4345703125,8490,6669,542
Manhattan,park-cemetery-etc-Manhattan,36061031100,0,5000,,,-999,,8,,,,,,,,0,-999,-999,0,0,0,192.666775526724,41.0761642456055,5.86802339553833,,181.999994450925,9.9976921081543,0,0,,525,18.9956150054932,5.99861526489258,11.9972305297852,2,0,0
Brooklyn,Cypress Hills-City Line,36047120200,0,12500,29577,35741,62974,3,3,5,10,20,9152.777273,18095.23878,98.75,169600,707,1151,477000,1134.00000343239,1084.00000328105,21,1032.00000312366,670,17,32917.0000996331,202.000000611413,1279.00000387128,289.000000874745,280,150700.637398816,549.744187710476,1916,101,305,1900,43,300
Bronx,Spuyten Duyvil-Kingsbridge,36005028300,0,12043,19451,23110,38777,,9,0,,16,7858.526125,,95.47164569,42125.36865,433.5591029,585,19000,2249.02305369708,1727.70899038215,497.791320800781,2093.44832679129,716.337905883789,667.410095214844,,178.377029118037,1977.33136164851,541.581221125089,671.887329101563,179087.106758586,343.919203567559,2248.99996656179,292.28086566925,664.739349365234,3149,212,867
Manhattan,Marble Hill-Inwood,36061030900,0,11002,20816,25754,35769,6,6,11,15,18,7773.4805,22037.03664,90.8783789,163900,533,698,359700,6833.99990612129,5598.99992308649,1178,7049.99990315409,1621,2591,43809.9993981817,184.999997458654,7691.99989433493,825.999988653231,2555,177599.997560307,400.99999449146,7820,487,2071,8463,468,1939
Queens,Bellerose,36081156700,0,26250,45069,6771,83068,,24,0,,41,6769.230951,,76.00000035,0,214.0000073,468,588400,4750.8294264336,4062.02893678492,671.854614257813,1957.74842499278,1265.95751953125,483.456207275391,89999.9996179311,216.999992158518,1897.93940997263,1037.68641059953,746.615844726563,0,849.999990136097,1200.16758751869,422.650390625,480.465759277344,1790,293,444
Queens,Far Rockaway-Bayswater,36081099801,0,8046,21176,29920,49768,,5,0,,21,7059.322736,23066.03815,143.1211239,185300.0071,634.0000102,987,414700,6472.41943126079,6348.45297632134,79.1142730712891,6574.58274085913,3224.37377929688,2103.06909179688,34551.0000867534,206.9999902304,6988.21955533046,1615.30159627134,3765.091796875,143199.995935588,446.000015248853,8041.00035643578,1422.18811035156,4460.923828125,7608,452,4608
Queens,Far Rockaway-Bayswater,36081100802,0,17779,37066,43513,54545,,16,0,,32,11277.15309,32765.15034,123.8383784,205699.9889,692.0000056,966,502200,7861.47715621768,7595.9703952308,214.417999267578,6208.05895951809,3662.90966796875,1387.13732910156,48519.0001468538,241.9999964898,6443.37690511579,1685.92922865716,3067.64819335938,176800.00136452,549.999995207894,7612.99979448318,1135.56384277344,4261.26708984375,8106,1358,4334
Queens,Baisley Park,36081018401,0,13911,28021,31477,43958,2,1,10,9,6,7967.391399,18590.42527,128.3606629,143000,363,337,438300,1707.00001271814,59.0000004395843,1626,1352.00001007319,17,1284,31042.0002312809,230.000001713634,2195.00001635402,18.0000001341105,2049,120400.00089705,394.000002935529,2370,8,2159,2054,9,1695
Queens,Baisley Park,36081018402,0,14911,33170,50625,73587,4,3,10,8,25,6886.363977,18697.03318,121.5789513,160600,541,779,378400,2296.00001496822,96.0000006258488,2189,1904.00001241267,35,1773,33676.0002195425,220.000001434237,1957.00001275819,13.0000000847504,1817,115500.000752974,519.000003383495,2186,9,2010,2223,22,1791
Queens,park-cemetery-etc-Queens,36081064102,0,16628,40104,46635,34875,,29,0,,33,9511.111961,52472.52878,108.5606106,87700.00214,790.9999725,-999,213800,133.699755513364,131.506426190807,.513332366943359,166.028636128947,152.369873046875,1.09040582180023,109583.002616962,237.999994550337,89.0000033258693,79.8571458413498,1.71428573131561,0,449.999985605035,31.000001385808,22.0000019073486,2.14285731315613,113,85,0
Queens,Briarwood-Jamaica Hills,36081023600,0,15302,34135,40230,37106,12,17,22,23,34,7351.852102,30138.88869,94.70149328,262800,663,1043,605100,1787.00002080342,1647.0000191736,95,1954.00002274755,714,260,56375.0006562914,214.000002491288,2556.00002975576,470.00000547152,478,204400.002379529,466.000005424954,2816,352,489,2638,223,264
Queens,Jamaica,36081023800,0,11250,25456,30746,41379,9,7,11,8,17,8188.405429,26212.1219,119.8285802,186700,661,947,594200,3326.00005111005,3053.00004691491,208,3724.00005722605,510,1600,43095.0006622332,241.000003703404,4798.00007373001,224.000003442168,1528,184500.002835179,493.000007575843,5273,200,1154,5101,105,753
Queens,St. Albans,36081043200,7600,19615,35938,61875,76486,12,19,10,22,34,7600,23866.27857,111.0526334,186400,738,898,470100,1151.00000321586,32.000000089407,1113,1043.06395373325,21.4024000167847,994.51953804493,47286.3560832725,209.000000583939,922.000002576038,12.0000000335276,837,162200.000453182,583.000001628883,1109,21,1005,1166,18,1037
Queens,Hammels-Arverne-Edgemere,36081095400,0,11959,27711,33799,49792,2,5,6,14,17,7751.836269,19619.27728,92.88440809,171491.0596,510.858075,996,376700,5558.00009364617,3939.00006139015,1555,4456.00007641321,1550,2116,34619.0093722102,191.125003722402,3660.00005611451,688.00000991311,2332,129155.739448549,394.78559762743,4033,510,2646,5368,592,3320
Queens,Hammels-Arverne-Edgemere,36081096400,0,15099,36824,46445,66103,6,7,17,19,25,9598.48478,22293.81362,98.33333557,166300,719,1219,390600,3896.99997005775,3319.99997449107,549,3304.99997460633,1029,1513,36888.9997165666,211.999998371117,2913.99997761054,417.999996788334,1833,112199.999137921,509.99999608146,3732,345,2586,4441,326,3090
Staten Island,New Dorp-Midland Beach,36085013400,0,22801,43750,64542,77621,8,15,22,26,31,12422.15511,29414.55702,125.5188652,257700,748,1096,487600,3875.99998149974,3868.99998153315,0,3740.9999821441,3612,1,64594.9996916862,248.999998811516,3527.99998316076,3234.99998455925,19,194799.999070214,574.999997255509,3721,3244,19,3946,3184,50
Staten Island,Oakwood-Oakwood Beach,36085013800,0,27225,57091,66932,96932,,16,24,24,29,13510.67645,30762.48107,138.2000033,262500,629,1488,527700,6309.04277041963,6296.82140907028,0,7030.10309003099,6809.1787109375,2.82031416893005,66736.9980515075,249.000006695539,6513.99997369545,6185.99997501996,5,204699.999173389,563.99999772248,6627,6175,19,6535,5780,19
Manhattan,West Village,36061007300,0,14617,34007,58202,96816,36,50,62,71,81,7818.306323,60000,100.3364506,399600,977,1653,883700,7288.00004920922,6975.00004709582,190,6918.00004671095,6145,207,207692.001402355,260.000001755543,6752.0000455901,5916.00003994536,194,500001.003376051,522.00000352459,6699,5679,219,6215,5255,139
Bronx,University Heights-Morris Heights,36005025100,0,6934,14608,23841,29254,6,3,7,8,14,6077.669749,20576.92292,83.86808227,213800,551,850,444100,9385.99996831245,7164.99997581064,1728,5862.99998020625,225,2508,37082.9998748061,186.99999936868,5794.99998043582,100.99999965902,2029,127099.999570905,373.999998737359,6639,92,2101,6802,75,1611
Bronx,Crotona Park East,36005006000,0,8750,24013,30242,27574,2,9,6,6,5,6166.666424,20833.33438,86.92308012,57900,525,774,487500,1010.99996986985,786.999976545572,209,1035.99996912479,86,166,38124.9988637865,186.999994426966,991.999970436096,38.9999988377094,99,144999.995678663,369.999988973141,1081,32,147,1129,21,155
Bronx,East Tremont,36005035900,0,6875,15991,31767,22051,2,0,3,8,11,4252.065811,,83.71950535,133300,479,843,460900,2585.99989820746,1233.99995142614,1208,1137.99995520498,35,209.999984741211,30000.0007264608,159.999993701931,1199.99995276448,12.9999994882819,176,93799.9963077571,334.999986813418,1346,13,278,2061,36,497
Bronx,East Tremont,36005036100,0,7654,9193,12723,14839,3,3,4,6,11,4897.058462,,82.54208485,211400,287,400,348500,4005.00002852827,2347.00001671806,1593,5610.00003996094,71,2771,65000.0004630056,162.000001153952,5997.00004271761,47.0000003347886,2158,112500.000801356,286.000002037225,6283,36,1891,6019,45,1581
Queens,Richmond Hill,36081010800,0,17178,32829,54073,57983,3,4,12,13,16,9071.428319,22066.66581,110.25,213100,798,1135,474800,2235.9999833405,2210.99998352677,20,1956.99998541921,1692,11,40298.9996997491,221.999998345971,2119.99998420477,1093.99999184906,196,170199.998731911,533.99999602139,3035,388,424,2980,154,527
Queens,Richmond Hill,36081011800,0,16189,43036,37179,58009,4,7,8,14,20,9475.609555,22458.3338,109.8076911,213500,748,1234,487800,1839.00000685081,1833.00000682846,1,1701.00000633672,1478,0,41184.0001534224,233.000000867993,1822.00000678748,967.000003602356,76,172500.000642613,582.000002168119,2425,409,326,2628,199,276
Bronx,Williamsbridge-Olinville,36005037400,0,11233,20509,22137,18813,3,2,8,7,4,8109.154769,22812.49838,93.80433808,153600,433,587,475000,3416.99985759077,2773.99988438888,606,3372.99985942454,896.999938964844,1362,43333.0011995202,187.999992164783,3725.99984471267,384.999983954476,1821.99987792969,154200.004172128,407.999982995912,3519,197,1974,3441,78,1779
Queens,Baisley Park,36081027600,0,10347,30375,34926,51492,,14,0,,8,7060.000283,19187.50025,108.6363549,169699.9945,938.9999875,1172,502600,849.302924633957,23.9803178720176,816.330017089844,691.432498643175,3.99671959877014,667.452209472656,35769.0015389414,223.000004238257,836.313585786615,1.99835982266814,788.352966308594,111000.004951328,520.99999390867,1221.99701732397,10.9909791946411,1108.09045410156,1165,9,904
Queens,Baisley Park,36081027800,0,11795,24711,22532,24832,,4,0,,9,7378.977164,21707.84218,73.49731491,144322.8021,465.105434,588,386500,2472.87183333734,728.621773433959,1723.75584876537,2334.63828449163,26.2391120227985,2159.28453099728,35879.3086860365,148.211129062369,2190.55270005154,22.8749029433093,2018.46662807465,149970.348657963,340.024433518266,2250.5385985357,17.909835005179,1926.24150687456,2256,24,1828
Queens,South Jamaica,36081026400,0,18952,37361,39483,44643,1,7,5,8,18,5765.151184,17233.60811,122.0588221,166300,222,439,379800,2133.00000645616,20.000000060536,2084,1445.00000437372,7,1405,31859.0000964308,203.00000061444,1358.00000411039,12.0000000363216,1295,113700.000344147,530.000001604203,2181,5,1967,2257,13,1814
Queens,Hammels-Arverne-Edgemere,36081097202,0,8169,16576,27535,16224,,2,0,13,9,8371.508843,14051.72472,94.31000053,187500,667,850,-999,1922.13274007627,1449.84755001488,454.089599609375,3019.86588717069,286.730285644531,2223.0595703125,21818.0005578161,150.999999070407,2935.68635075416,157.961600401566,2292.04272460938,87499.9982419114,286.000005084882,3270,22,2710,2795,62,2164
Queens,Hammels-Arverne-Edgemere,36081097204,0,8169,16576,18450,41018,,2,0,,10,8371.509125,14051.7249,94.30999612,133999.9973,294.9999929,569,228000,2518.51310743267,1899.69193196654,594.980041503906,3956.84005633576,375.694152832031,2912.80859375,21817.999960414,151.000001901423,3846.54212455285,206.97236605345,3003.1953125,87499.996437564,286.000013292926,2866.00000429153,199.755477905273,2133.4541015625,3544,388,2259
Queens,Baisley Park,36081018200,7300,17572,40000,33194,46963,2,3,12,17,16,7300,18200.54872,121.0416633,149900,744,1292,375000,2456.00000914931,146.000000543892,2285,1818.00000677258,39,1681,29743.0001108013,228.000000849366,2121.00000790134,33.0000001229346,1896,119300.000444427,531.000001978129,2238,29,1917,2267,25,1630
Queens,Baisley Park,36081018600,0,20453,40583,52639,54405,5,4,12,15,28,6813.953704,19131.9454,132.3529373,151500,845,1711,362600,1825.00001359731,66.0000004917383,1741,1462.00001089275,11,1399,34878.0002598614,254.000001892447,1602.00001193583,12.000000089407,1500,121500.000905246,543.000004045665,1742,5,1602,1623,24,1287
Bronx,Pelham Bay-Country Club-City Island,36005027401,0,21397,40298,49712,66500,,11,0,,24,11813.00787,27670.58734,134.6411383,241999.9923,796.0000291,1368,518800,5732.07398640728,5712.45659917184,7.59382724761963,5391.61739503092,5227.71728515625,6.96100854873657,60652.0002797091,266.000000066973,4861.94793967401,4646.78949902723,6.96100854873657,210000.011056875,544.999972984409,5371.99995875359,4835.36962890625,13.2891979217529,4785,3807,32
Bronx,park-cemetery-etc-Bronx,36005027600,0,0,,,-999,,,,,,,,,,,-999,-999,0,0,0,0,0,0,,,5.00000019557774,5.00000019557774,0,,625.000024447218,7,5,0,473,54,262
Brooklyn,Sunset Park East,36047011800,0,10875,27414,24655,40170,5,9,10,10,10,7897.958705,,72.39130599,222300,627,1010,656300,1485.00001037261,1462.00001021195,0,1458.00001018401,1112,5,43333.0003026775,182.000001271255,1457.00001017703,648.000004526228,6,225000.001571607,445.000003108289,2009,443,13,2253,231,10
Brooklyn,Sunset Park West,36047012200,0,10023,28462,31688,44722,3,10,13,11,18,7605.263103,26000,81,271600,659,1008,629900,3244.99996222323,3169.99996309634,16,3714.99995675171,2035,59,46428.9994594953,181.999997881241,4068.99995263061,1437.99998325948,88,191699.997768318,425.999995040707,5045,920,87,5339,713,73
Bronx,Spuyten Duyvil-Kingsbridge,36005029302,0,25119,51246,62648,80313,,40,0,,59,16227.86193,50702.73893,217.7227521,96628.77379,1026.097002,1630,251600,6253.78691386135,5916.58239060914,128.557787895203,6633.8698949893,5288.80265808105,325.735759735107,93030.4469525727,383.161264772,5882.80155353853,4920.39064362319,334.77845287323,358492.77398427,685.651706043971,5504.43605540693,4167.8211517334,514.785988807678,5052,3531,477
Bronx,Spuyten Duyvil-Kingsbridge,36005029700,0,23429,41889,59940,85859,,31,0,,61,13206.03181,45625.00076,185.3995803,120600.0032,808.9999789,1168,309700,4637.52935027942,4548.74996996325,50.5946998596191,3692.45852755883,3435.66650390625,72.5508880615234,91538.0012012951,322.00000156035,3540.67442572795,3057.63822744854,106.917106628418,326200.007572568,505.999997960651,3639.00009346008,2734.02319335938,184.241088867188,3554,2536,248
Queens,St. Albans,36081052200,10500,19009,45096,71364,90708,9,3,15,21,32,10500,21666.66667,128.625,162800,814,778,440600,1506.00000561029,115.000000428408,1386,1435.00000534579,39,1327,42581.0001586266,236.000000879169,1416.00000527501,39.0000001452863,1301,143500.000534579,632.000002354383,1478,22,1414,1532,7,1424
Queens,St. Albans,36081052800,0,15417,44808,47188,46964,6,9,17,26,17,8655.172727,22200,124.7727325,182500,567,885,445000,1569.99997368082,100.999998306856,1428,1483.99997512251,16,1384,43260.999274781,222.999996261671,1279.99997854233,11.9999997988343,1222,155499.997393228,542.999990897253,1484,17,1407,1442,6,1328
Queens,Queens Village,36081051600,0,20964,35982,59038,84044,8,13,19,23,13,9443.181704,22439.02394,132.8181795,173800,788,988,423700,2195.00000817701,211.000000786036,1960,1954.00000727922,24,1819,41891.0001560561,235.000000875443,2025.00000754371,12.0000000447035,1885,150000.000558794,603.00000224635,2143,17,1978,1866,9,1654
Queens,Cambria Heights,36081053401,0,17855,43156,52736,87895,,10,0,,20,9936.167056,22602.53902,131.4670148,178820.2726,780.4418457,931,408100,2120.81614656665,481.671306965465,1608.5807800293,2052.33703930042,108.385794639587,1798.48330688477,42408.7801127606,244.870091617091,2125.16294285323,38.5543173468905,1965.17687988281,150754.776389298,604.813239251198,2195.00000321865,29.465181350708,2071.42340087891,1907,22,1746
Queens,Hollis,36081048400,9500,18750,39167,45577,64141,6,11,10,18,22,9500,21552.2374,96.89024142,183600,741,945,445800,4102.00005157385,4057.00005100807,6,4085.00005136011,1879,690,42933.0005397904,176.000002212822,4785.00006016111,686.000008624978,2155,163200.00205189,545.000006852206,5282,276,2275,4979,156,1698
Queens,Hollis,36081050000,0,10910,31408,38125,39656,6,4,9,10,11,7541.236955,23790.32167,121.9306922,165300,654,981,467600,3029.99999506166,1502.99999755039,1468,3994.99999348889,579,3026,43151.9999296702,220.999999639811,4110.99999329983,364.999999405118,3260,152399.999751616,475.999999224208,4013,159,3215,4323,131,3110
Manhattan,East Harlem North,36061019200,0,5758,11284,9320,16157,3,2,2,7,6,4787.671346,,79.89865313,323100,198,426,1000001,8352.0001205653,4831.0000697379,3266,4351.00006280886,205,2212,22500.0003247987,133.000001919921,3669.00005296385,56.000000808388,1846,162500.002345769,216.000003118068,3818,120,1752,3584,98,1416
Queens,Astoria,36081014100,0,13250,27042,30542,49375,3,9,0,16,34,7236.363712,22500,74.10713984,289234.8285,721.139475,1060,747500,1838.66664599914,1829.66664610064,1,1530.66664955484,1275.66666674614,5,52142.9994119451,176.999998003841,1724.66665098201,1255.33332091507,3,195795.283071635,498.236061082141,1976.00000017881,1045,33.3333333730698,1621,981,43
Queens,Queens Village,36081055400,0,20266,37452,56352,73643,6,11,18,28,40,11814.28584,24095.09251,115.1428571,193700,643,1088,409300,2010.99999625422,2001.99999627098,4,1949.99999636784,1576,101,45144.9999159109,189.999999646097,1998.99999627657,1122.99999790825,119,166999.999688938,393.999999266118,2492,654,401,2303,397,370
Queens,Bellerose,36081130100,0,24816,38333,46680,68705,15,18,25,30,39,13082.54648,28726.41648,134.4155898,76400,575,660,237100,4896.99999543931,4867.99999546632,7,3760.9999964973,3530,16,56306.99994756,216.999999797903,3620.99999662768,3001.99999720417,28,204499.999809545,337.999999685213,3998,1937,458,3791,1213,512
Bronx,Pelham Parkway,36005024800,0,16659,31894,49063,60088,13,15,14,25,31,10161.28947,30277.77745,155.3672333,239700,686,1084,500700,3269.99995964812,3255.99995982088,8,3113.99996157316,2942,29,60344.9992553412,260.999996779254,2856.99996474455,2539.99996865634,41,209399.997415999,465.999994249549,3245,2174,137,3363,1723,227
Bronx,Pelham Parkway,36005029600,0,14389,25811,29426,29967,,44,60,74,58,8810.192652,28918.55927,171.7264153,210500,550,834,524700,2893.25950005406,2523.9008236649,286.022036314011,3295.23813666253,2288.82204437256,324.194939017296,60111.3579414187,284.189138570226,2915.99999864213,1766.99999917718,301,187499.999912688,469.999999781139,3801,1711,377,2549,945,337
Queens,Laurelton,36081032800,0,15826,46319,55625,69044,9,8,13,31,25,9416.666667,24012.34554,147.1621492,192300,764,1164,433200,1735.99999037987,409.999997727964,1314,1715.9999904907,95,1473,44739.999752071,232.999998708819,1785.99999010279,42.9999997617133,1658,161899.999102823,595.999996697235,2155,26,2030,2409,43,2197
Queens,Laurelton,36081068200,0,16500,58338,63548,73068,7,14,16,25,38,10241.37876,22857.14179,129.5744655,186700,1036,1228,433200,1226.00000214088,754.000001316657,462,1125.00000196451,102,912,45588.0000796071,247.000000431319,1187.00000207277,63.0000001100125,1023,161500.000282016,612.000001068693,1261,33,1096,1102,9,1022
Queens,Jamaica Estates-Holliswood,36081047600,0,32431,57342,94808,119625,,49,0,,57,20982.96661,48319.24996,148.7065989,375989.9116,953.4471805,1167,661600,1389.09076075662,1350.74201208914,24.3458292447031,1335.52281024322,1036.21991708875,92.1036817878485,95845.3021438186,349.74733190622,1364.34255571498,905.099466810984,149.138976618648,328088.441045659,749.434217520054,1466.2660687574,690.017724256963,254.153729751706,1326,597,242
Queens,Jamaica Estates-Holliswood,36081047800,0,16994,35026,44777,58438,11,18,23,34,30,10982.14222,31421.05232,141.99605,84800,725,943,185700,5268.99998159823,5184.9999818916,7,4890.99998291838,3784,306,56731.9998018658,251.9999991199,5302.99998147949,2830.99999011285,838,226299.999209656,434.99999848078,5586,1371,1800,5294,908,1783
Queens,Woodside,36081029500,0,13783,29835,44231,61176,,13,0,29,47,8585.681704,24732.05254,96.6830233,77400,670,1066,195700,4062.93012336064,3989.58729117856,39,3604.53593898574,2935.83334827423,56.0114277368411,52035.1777150498,190.096724568934,3447.4615855053,2218.93634648184,123.23998247087,214716.656063871,402.808522237733,3790,1614,202,3670,1504,139
Queens,Woodside,36081029700,0,16128,40473,44643,61458,,12,0,30,46,11009.80332,24726.56031,135.9574485,223799.9011,724.9981565,1416,574100,1551.07062549646,1521.4134584849,0,1430.46576193287,1110.16836571845,.988572239875793,54160.0017240899,258.000008412087,1510.58186666828,946.083713779193,20.7600173950195,217499.978382697,697.990106752143,1961.00284685029,803.001423425158,36.0006326333969,2162,761,43
Staten Island,Stapleton-Rosebank,36085002100,0,14990,36691,41333,36131,,15,0,,22,6517.338833,16572.51784,86.80032639,144315.6281,657.358352,990,308300,3553.82824215545,3042.74661371098,426.961695343256,3013.80195919811,1790.49964237213,560.124481678009,34061.2819636887,205.683140678979,2745.88780600484,1222.7078463207,713.58722782135,125644.443738604,518.690056684177,3758.58953071758,1151.58644485474,1195.75497102737,4236,948,1352
Staten Island,West New Brighton-New Brighton-St. George,36085001100,0,12052,34289,37321,36624,6,18,29,29,23,7795.918655,17019.22996,92.84722111,133800,624,1054,311800,4025.99997890904,3112.99998369196,857,3373.99998232466,1704,1034,33593.9998240115,213.99999887892,3080.9999838596,1195.99999373453,1095,140799.999262393,528.999997228733,3705,1002,1326,3987,800,1400
Staten Island,Stapleton-Rosebank,36085001700,0,16098,44519,44444,54071,15,29,34,39,41,9903.845533,32894.73913,93.10811159,208900,651,854,466900,1543,1416,109,1272,1002,100,68250,221,1335,867,191,224200,546,1672,661,314,1788,585,278
Staten Island,West New Brighton-New Brighton-St. George,36085008100,0,12699,25316,34085,43958,9,7,17,21,29,8813.432561,18532.6087,93.38983319,177300,420,455,394800,3931.99999725353,3008.99999789824,854,4154.99999709777,2693,823,41494.9999710161,142.999999900116,3838.99999731849,2049.99999856809,1064,150499.999894877,303.999999787658,4360,1899,1392,4301,1451,1393
Staten Island,West New Brighton-New Brighton-St. George,36085009700,0,18856,34123,45938,79231,8,11,0,28,36,10331.39547,22126.62276,96.32353325,171300,527,1079,389100,4402.99998513528,3458.99998832226,920,4014.99998644518,2450,1179,48184.9998373253,193.999999345047,3778.27836612308,2090.89298169246,1047.73973995447,169899.031930521,433.050622359487,3818,1758,1137,3925,1506,1141
Queens,Queensbridge-Ravenswood-Long Island City,36081002500,0,6046,10227,11055,18775,0,3,3,5,9,3805.084827,,73.87721774,210400,256,464,261400,9050.00016224803,3005.00005387352,5919,8588.00015396532,420,6399,,116.000002079643,8223.00014742161,170.000003047753,6079,500001.008963998,185.000003316673,6597,162,4092,7571,180,3888
Queens,Queensbridge-Ravenswood-Long Island City,36081003700,0,0,,11625,-999,,,,5,0,,,,0,309,-999,-999,0,0,0,0,0,0,,,3.98879333967423,0,.997198343276978,,449.999996228144,1414,31,947,0,0,0
Queens,park-cemetery-etc-Queens,36081029900,0,0,18929,,-999,,,0,,,,,,0,0,-999,-999,3.33254268858582,3.33254268858582,0,7.3315939148888,7.33159399032593,0,,,183.28984787222,84.6465842900798,0,212499.999787907,539.999997087274,11.9971529245377,5.99857664108276,2.66603398323059,0,0,0
Queens,Steinway,36081031700,0,20098,37311,45833,62661,8,13,17,25,32,10833.99192,27883.43478,139.7707672,223200,838,1108,365000,6424.99999551219,6408.99999552337,6,5817.99999593617,5329,31,56982.9999601978,266.999999813503,5581.99999610102,4764.99999667169,29,229399.999839766,619.999999566935,6131,4389,90,6151,4335,135
Queens,park-cemetery-etc-Queens,36081138502,0,0,,,-999,,,74,100,,,,,,0,-999,-999,0,0,0,0,0,0,,,58,45,3,,225,63,34,3,72,57,6
Queens,Douglas Manor-Douglaston-Little Neck,36081152901,0,25296,47364,59759,73333,,24,0,,46,13340.95261,40948.27654,184.3110232,200599.398,937.8281824,1508,376100,6063.75790671376,6040.90820808749,11.8041920661926,5352.25738460396,5031.39959025383,13.2982687950134,72559.1923812084,310.9972080712,5328.09677374305,4178.78664439271,48.004955291748,251699.078218963,813.003489502802,6242.22291893233,3460.13498139381,132.290238261223,6401,2509,159
Queens,Laurelton,36081065000,0,24483,62364,63359,110179,15,14,21,20,28,13325.5809,24075.90875,114.4117647,191800,763,829,440600,2976.00002910197,2687.00002627587,265,3073.00003005052,301,2482,51099.0004996913,238.000002327375,2930.00002865214,120.000001173466,2639,171500.001677079,588.000005749986,3027,62,2836,2650,40,2434
Queens,Springfield Gardens South-Brookville,36081068000,0,25649,47521,66071,73424,,18,20,24,26,11464.78969,24637.25509,107.1428533,179300,923,1593,455200,4034.61054419499,3631.74339711762,377.131164550781,3933.99998534471,1029,2496,49977.9998138174,273.99999897927,3809.99998580664,398.999998513609,3115,164999.999385327,713.999997340143,4310,172,3808,4708,90,4207
Queens,Rosedale,36081065400,0,18750,43110,60542,80852,,8,0,19,27,11046.87512,22642.85685,110.9523857,186300,778,1117,460700,2459.68122166715,2455.6817400059,0,2143.72217042861,1815.7646484375,150.980438232422,42192.0017873996,231.999991977076,2468.68005540496,1012.8687307109,1013.86859130859,165600.005061498,640.999980573312,2699,313,1926,2788,152,2258
Queens,Springfield Gardens South-Brookville,36081069400,0,25812,56360,51229,80208,3,12,24,21,23,12135.33779,24797.2973,153.8194457,191300,849,1321,529400,2702.99994902336,2564.99995162594,130,2577.99995138077,872,1522,47930.9990960557,292.99999447423,2618.99995060754,314.999994059326,2020,166999.9968505,779.99998528976,2861,119,2477,3314,79,2909
Brooklyn,Georgetown-Marine Park-Bergen Beach-Mill Basin,36047070600,0,23015,49514,68348,88250,12,16,20,29,35,12193.96614,39806.81768,150.3571445,346600,718,1192,651300,2690.99996444344,2683.99996453593,3,2853.9999622897,2806,0,73210.9990326529,280.999996287108,2486.99996713892,2415.99996807706,1,298799.996051914,630.999991662509,2876,2741,7,2700,2474,1
Brooklyn,Canarsie,36047102800,0,24990,48919,57118,82104,,22,0,,58,12655.60404,31000,176.3319535,281439.3034,768.9526782,1147,589700,1170.43962766882,1151.00252299849,11.9896230697632,1443.90887320414,1293.28600311279,20.989875793457,56415.5721037255,276.721915300877,1193.44671365432,934.533275608905,21.056188583374,190584.911388338,584.896061361959,1772.00000094064,280.752468109131,1173.24449539185,1579,59,1295
Staten Island,New Springville-Bloomfield-Travis,36085027302,0,25817,52134,68017,91310,13,32,38,48,48,12726.31522,34651.16431,151.3333295,249100,662,1032,527900,1876.99997978085,1838.99998019019,16,3367.99996371972,3072,35,67782.9992698378,248.999997317758,3925.99995770891,3394.99996342887,41,206099.997779879,564.999993913789,3932,3032,78,3667,2536,112
Staten Island,New Springville-Bloomfield-Travis,36085029102,0,24357,34943,57708,85156,,15,0,,24,12498.88395,27662.33899,134.8035085,185800.0025,738.9999829,1346,414300,4385.69176192411,4370.01134583362,2.41237163543701,8527.7339815191,8061.54296875,17.4896945953369,65065.0019359911,252.999993403214,1233.43335945442,1160.29586562636,0,168299.993063276,543.000016975622,1775.86970883608,1417.80078125,21.3317680358887,2953,2124,112
Bronx,Morrisania-Melrose,36005013500,0,7671,11017,14667,16782,1,2,2,6,11,4978.915575,18125,73.57337224,116100,374,475,293600,5844.99990337645,838.999986130511,4944,2762.99995432491,13,2214,22499.999628053,136.999997735256,2873.99995248998,19.9999996693805,1906,107599.998221267,214.99999644584,3126,18,1679,3583,45,1537
Bronx,Morrisania-Melrose,36005018500,0,6751,9705,22339,22473,2,1,2,7,9,4470.455763,13875.96899,71.31004253,180497.8261,454.0514051,673,411500,12101.000113938,2158.00002226233,9444,3119.00002848729,55,2666,14243.7620389739,144.307190860159,4065.00003604218,48.0000004135072,2717,56547.619580136,272.141461484369,4750,56,2523,7466,82,3023
Bronx,Schuylerville-Throgs Neck-Edgewater Park,36005011800,0,21568,43284,57651,74607,,11,0,,29,7346.752578,19126.75991,112.186497,191220.8812,690.0852235,1093,437300,4840.65562098971,4799.55094691536,24.0405189953744,5192.63642447966,4932.40450286865,25.0844145715237,44138.0377032713,244.01753337252,4251.09332598484,3934.55413562528,22.1080506518483,177231.633106571,526.120611722996,5058.09457613132,4154.92324542999,58.7225887179375,5089,3891,172
Bronx,Schuylerville-Throgs Neck-Edgewater Park,36005013000,10000,20444,41750,48500,85929,3,6,13,16,19,10000,27613.63564,108.2758586,231500,642,981,495700,941.999977190048,935.999977335334,0,1273.99996915087,1072,1,58022.9985950086,258.999993728474,912.999977892265,741.999982032925,1,200599.995142594,527.999987214804,1179,719,8,1032,467,32
Bronx,Kingsbridge Heights,36005026100,0,18471,40982,55438,58100,25,26,35,39,31,11975.60948,,190.9633789,57400,801,1084,139100,3104.99990746379,2776.99991723895,147,2521.99992483854,1419,726,,322.99999037385,2232.99993345141,591.999982357025,1172,0,579.999982714653,1517,206,948,1932,160,1088
Bronx,Kingsbridge Heights,36005026300,0,8744,16053,26343,21339,7,6,5,13,8,7921.052568,19750,84.41010761,32000,590,822,-999,5300.99990126118,5150.99990405515,108,6237.9998838082,2582,1052,37499.9993015081,202.99999621883,6978.999870006,1570.99997073784,1349,131299.997554347,410.999992344528,7978,763,2011,6984,605,1231
Bronx,Allerton-Pelham Gardens,36005031600,0,23011,40970,41364,68225,13,19,25,22,31,11957.44792,31160.71429,117.3846132,225500,702,1185,515000,1754.00001306832,1733.00001291186,4,1546.0000115186,1478,0,60165.0004482642,236.000001758337,1473.00001097471,1342.00000999868,5,200900.001496822,496.000003695488,1779,1062,186,1863,751,289
Bronx,Kingsbridge Heights,36005025500,0,7661,16855,21135,24430,12,8,8,12,11,7602.563889,28750,92.08333614,106300,551,780,532900,5124.99994272366,5019.99994389713,74,5715.99993611872,1018,1739,35624.9996018596,207.999997675419,6617.99992603809,292.99999672547,1629,152299.998297915,390.999995630234,6567,242,1352,6529,158,1097
Bronx,Bronxdale,36005032400,0,11663,15731,18942,26297,5,8,8,9,13,7233.871204,28000,93.76470958,223700,411,550,407600,3722.99998298849,3388.99998451464,291,2843.99998700491,2239,294,49999.9997715349,155.999999287189,2549.99998834828,1614.99999262058,334,183299.999162447,320.999998533254,2826,753,735,2957,481,859
Bronx,Allerton-Pelham Gardens,36005032600,0,20366,37232,52902,68610,13,12,19,30,27,11788.41767,29831.78657,134.6014641,234805.8252,770.8058824,1139,482700,3075.99999313487,3027.99999359623,14,2872.99999419518,2647,56,58646.0913300754,254.232613591281,2732.99999050016,2297.99999476154,85,194482.473908887,539.898664593741,3203,1756,237,3154,1320,354
Brooklyn,Bay Ridge,36047016400,0,12522,30743,60500,70284,,21,0,,39,6600.961225,30000.00028,0,0,958.0000317,1975,-999,2411.19620847458,1823.42538757219,486.628448486328,1631.63653205046,770.972106933594,437.965606689453,,218.999999030935,2095.1216355036,741.14449080429,676.988586425781,0,465.00001112994,1172.99997806549,327.482452392578,437.600799560547,764,239,211
Brooklyn,Bensonhurst East,36047030200,0,17167,31950,39881,43889,4,9,9,17,16,10402.98507,29848.48375,117.6315726,276500,649,989,629300,4113,4095,3,3628,3493,5,61250,228,3236,2589,5,226200,516,3711,2346,16,4214,1799,20
Brooklyn,Bensonhurst East,36047030400,0,15055,30609,35724,36841,,8,0,23,19,10381.81758,28529.4126,133.5507172,307500,670,857,616100,3729.71718791901,3662.06694284606,35.8148345947266,3586.45784541159,3348.68701171875,89.5370864868164,58780.0022674557,231.000003647107,3484.98247780216,2762.71662599389,58.6965370178223,224999.998267549,480.999979323202,3966,2534,47,4281,2009,71
Staten Island,Grymes Hill-Clifton-Fox Hills,36085004700,0,23137,42074,57500,67191,15,24,35,33,34,1541.899485,27336.45021,140.625,223700,650,1064,453900,3712.99994121399,3581.99994328804,93,3112.99995071348,2655,193,63272.9989982313,258.999995899387,2952.99995324668,2386.99996220786,184,206599.996729009,587.9999906905,3353,2515,203,3863,2735,305
Bronx,Belmont,36005039700,0,5890,13155,13250,17579,4,33,23,26,20,4815.217177,22500,76.17646556,266200,471,751,-999,1364.00000232231,1327.00000225932,32,2793.00000475529,1869,141,28750.000048949,169.000000287735,4039.0000068767,2687.00000457482,136,73100.0001244582,307.00000052269,3914,2383,275,3702,2093,290
Brooklyn,Bensonhurst West,36047018200,8920,14344,31806,41108,37138,1,5,8,15,16,8920,23392.85787,94.21686811,251900,666,972,633200,3169.99994981103,3168.99994982686,1,2651.99995801225,2573,0,55624.9991193181,205.999996738508,2475.99996079877,2204.99996508937,3,206799.996725842,474.99999247957,3039,1812,9,3163,1185,29
Brooklyn,Bensonhurst West,36047018400,0,15852,35742,45699,36367,3,8,15,18,15,10246.9142,30579.71202,101.1827978,280300,660,940,632200,2413.00001797825,2412.0000179708,0,2109.00001571327,2081,0,63144.0004704595,216.000001609325,1751.00001304597,1654.00001232326,0,235100.001751632,469.000003494322,1977,1523,5,2002,1188,8
Brooklyn,Gravesend,36047038200,0,7657,11405,15601,25399,1,2,5,7,7,6832.25817,18750,85.56569505,259700,329,437,596000,6762,5732,1001,6604,1589,2903,37500,141,7026,749,3115,158300,208,6161,551,2443,5943,361,2196
Brooklyn,Bensonhurst East,36047040200,0,14658,27241,39960,41792,0,3,6,16,18,8071.428453,23289.475,90.54054076,232200,620,840,644600,2460.99999169155,2452.99999171856,0,2235.99999245116,2185,0,46295.9998437027,204.999999307911,2111.99999286979,1771.99999401765,0,193399.999347073,477.999998386251,2564,1426,19,2740,1122,36
Brooklyn,Midwood,36047045800,0,23427,39063,64032,64063,22,37,39,51,39,18305.08318,52500,153.4722283,393800,714,450,559300,1771.00001979247,1751.00001956895,9,1589.00001775846,1570,0,89487.0010000952,242.000002704561,1680.00001877546,1625.00001816079,3,468500.005235895,402.0000044927,1513,1438,4,1490,1435,5
Brooklyn,Ocean Parkway South,36047046202,0,20417,38073,45313,45318,9,24,27,24,37,12270.83333,28000,156.4705811,335200,784,1189,652300,1757.00001309067,1754.00001306832,2,1543.00001149625,1475,2,59863.0004460141,272.000002026558,1484.00001105666,1331.00000991672,3,241000.00179559,595.000004433095,1490,1241,8,1803,1552,12
Staten Island,Grasmere-Arrochar-Ft. Wadsworth,36085006400,0,19968,31404,40069,40238,,9,12,18,21,10769.00699,30517.0658,93.75869552,212100,418,298,490200,3698.90568614993,3467.89210812751,205.002172474982,3566.16692623564,3166.95999717712,137.034216482192,65548.560208443,159.044282598575,3317.0000007723,2730.00000063563,166,189900.000044215,401.000000093365,3659,2431,305,3550,2077,403
Staten Island,Stapleton-Rosebank,36085000800,0,18101,32195,51404,63750,6,8,14,17,30,8392.857143,20258.62043,99.16666667,181600,630,1080,403100,3715.00002305675,3665.00002274643,17,3520.0000218465,3276,26,46067.0002859099,209.000001297136,3361.00002085968,2986.00001853229,24,165000.001024055,491.000003047338,4822,3209,143,5583,2882,263
Staten Island,West New Brighton-New Brighton-St. George,36085014100,0,18869,41042,41528,61905,6,13,15,18,24,11417.72208,21975.80584,110,164200,633,1043,355100,1685.00003399695,1648.00003325043,27,1664.00003357325,1497,38,48106.0009705977,242.000004882648,1714.00003458206,1390.00002804496,73,159900.003226179,517.000010431111,2142,1231,307,2690,960,408
Staten Island,West New Brighton-New Brighton-St. George,36085007700,0,14199,33250,43583,53902,4,8,13,16,20,6433.333333,17019.2305,97.12121737,148200,631,1035,357100,1301.0000048466,773.000002879649,520,1077.00000401214,459,394,39375.0001466833,196.000000730157,1057.00000393763,334.000001244247,421,127800.000476092,475.000001769513,1566,255,738,1535,189,683
Staten Island,New Brighton-Silver Lake,36085007500,0,19406,36908,49393,55625,11,14,17,22,19,9228.571072,24858.48932,105.1086947,191400,675,969,453500,3320.99999710039,3086.99999730469,171,3326.99999709515,2752,241,52428.9999542235,226.999999801803,3001.99999737891,2087.99999817694,299,178299.999844324,523.999999542488,3693,1968,694,3914,1629,702
Staten Island,New Brighton-Silver Lake,36085006700,0,21548,42758,71909,110750,21,26,32,45,50,12113.50745,31484.38906,121.352828,256718.8092,662.3333333,893,547700,3025.00001407508,2993.00001398195,12,2844.00001049414,2597,44,69506.4956122719,236.643327080255,2956.00001274794,2630.00001167133,86,223827.738809606,495.955337998954,2856,2360,123,2758,2121,221
Staten Island,New Brighton-Silver Lake,36085010500,0,19829,42684,50586,52580,9,17,0,22,25,9529.851026,22519.68595,107.2903183,187400,654,995,431900,4808.00003414322,4152.00002948474,591,4078.00002895924,3131,640,49811.0003537246,223.000001583598,3951.72174589697,2672.10709562042,683.26025390625,169199.999640808,483.000016378808,4415,2394,906,5153,2075,1063
Staten Island,Grasmere-Arrochar-Ft. Wadsworth,36085001800,0,22222,53750,33409,51346,,76,0,,16,8125.00045,,0,207499.998,633.9999817,1236,-999,652.390176775277,562.405324806273,72.3791198730469,90.9629481860581,76.29150390625,13.6933469772339,,,205.400205581422,146.714432558158,32.2771759033203,224999.993175908,778.000009100973,1049.99998998642,648.355285644531,151.973678588867,731,463,78
Staten Island,Mariner's Harbor-Arlington-Port Ivory-Graniteville,36085023900,0,20341,36379,54301,66189,,10,0,,17,8545.454574,22352.9411,93.92857055,159100.0024,685.9999964,971,386200,1973.84739442077,1854.96366033998,113.222602844238,1895.5350933993,1688.90380859375,109.448516845703,50128.0019539634,227.999991907106,2021.05082385603,1498.94602769322,235.789260864258,159699.99759293,525.999993815609,2994.12741422653,1316.61633300781,593.826965332031,3250,825,656
Staten Island,Port Richmond,36085024700,0,15039,35346,41964,62679,,10,0,10,17,10305.4324,21579.75981,136.2175627,168700,640,965,389500,2289.93135527104,2195.85135967567,88.0285671949387,2131.2199296236,1819.34279441834,134.99428164959,47797.2324727299,239.916579707998,2064.36017351962,1479.6171287057,284.142020225525,163760.649758315,542.88546589777,2353,1282,355,2702,974,635
Bronx,Van Nest-Morris Park-Westchester Square,36005020000,0,13325,25060,27512,32145,,4,0,,23,8739.337086,23110.96572,78.64733864,214782.5347,558.4871851,819,464500,3838.50770819539,3799.56615388715,16.1006002426147,3522.03917375365,2668.48001480103,35.9312171936035,43397.7287131448,171.065162225309,3658.28437308304,1727.63563777592,78.5778245925903,158774.213033846,390.41509840533,4100.00000190735,737.808219909668,171.087671279907,4878,376,400
Bronx,Van Nest-Morris Park-Westchester Square,36005028600,0,17692,29291,48571,85096,9,14,17,25,34,9692.307339,24024.38973,113,190600,740,953,448500,1524.99998792773,1491.99998818897,13,1212.9999903976,1147,1,49230.9996102755,236.999998123851,1127.99999107048,1071.99999151379,2,178799.998584576,515.999995915219,1268,898,31,1191,642,48
Bronx,University Heights-Morris Heights,36005020502,0,9039,15162,21754,35709,,5,0,,8,7747.190771,20714.28629,95.74491984,186400.002,456.9999815,643,415700,3432.12521758047,2324.87600480206,1029.67614746094,3305.15240788925,128.902481079102,2265.82788085938,35833.0011827943,187.999996162127,3435.59863790637,43.2247862778604,2071.31640625,109399.997272848,356.999989266252,3592.67426553369,45.9263343811035,1732.85070800781,1764,35,563
Staten Island,Old Town-Dongan Hills-South Beach,36085009601,0,24071,36563,44599,52266,10,12,14,20,25,11621.84851,30222.67281,143.1976811,242900,662,894,494800,3196.99997320306,3182.9999733204,3,3651.99996938929,3451,8,64999.9994551763,251.99999788776,3470.99997090641,3161.99997349642,12,195999.998357147,476.999996001832,3843,3287,32,4024,3169,58
Staten Island,New Springville-Bloomfield-Travis,36085029104,0,24278,46128,62260,72024,,14,0,23,30,12354.75637,27700.68191,132.757251,193200,760,988,450400,1042.83497312015,1039.9845090537,.414503937587142,1755.92095956864,1668.2142931819,3.40808585705236,64124.0598647653,250.957144487918,5229.00383105039,4520.88664405863,43.0454417318106,191895.019237088,529.007459517861,6939,4988,199,6735,4427,272
Staten Island,New Springville-Bloomfield-Travis,36085029103,0,24360,46128,61949,76555,,15,0,,29,12499.04774,27668.79553,134.8079242,243686.5537,726.983227,996,518600,963.515299435443,960.07012176888,.529763400554657,1875.11012374062,1772.56353092194,3.85851381719112,65090.6110389691,253.006103262685,8265.26966223295,7145.918663716,67.9714492578059,191916.371586511,529.014618328775,7577.6685650688,6456.28996229172,70.0688301697373,7245,5565,123
Queens,Rosedale,36081066400,0,23149,44160,59374,76736,,13,0,,29,12402.43871,26027.54151,155.367245,199391.8498,938.950045,1447,454100,8476.01172310757,8465.08646778133,1.98641002178192,8139.31521805327,7545.37841796875,168.844848632813,46455.0007444457,298.000008931144,8623.99927252673,4354.21085002386,2308.20849609375,171800.002273707,709.999983385704,9808.59388740361,908.424205303192,7570.02121026441,9612,508,7978
Bronx,Bedford Park-Fordham North,36005040702,0,11843,24440,28198,29826,12,13,13,15,14,8658.536015,19166.66591,91.86792771,157800,617,811,342300,6040.99992686044,5963.9999277927,26,5217.99993682466,2999,496,37499.9995459802,204.999997518025,5821.99992951192,1586.99998078588,712,131299.998410326,424.999994854443,6718,874,1048,6652,643,1004
Bronx,Bedford Park-Fordham North,36005041500,0,11950,28050,30763,30594,10,11,21,21,11,8463.114962,24375,97.23282499,79400,631,907,407600,5151.00004797243,5079.00004730187,43,4878.00004542992,3569,139,37500.000349246,208.000001937151,4921.00004583038,2377.00002213754,412,191300.00178162,416.000003874302,5635,1005,861,5461,719,847
Bronx,Allerton-Pelham Gardens,36005031800,0,21516,43977,59179,66736,11,11,21,20,36,11115.942,28625,132.4576284,237700,828,1745,469700,1466.99999769445,1461.99999770231,0,1519.99999761116,1440,16,55525.999912735,243.999999616528,1475.99999768031,1264.99999801192,33,196599.999691022,599.999999057036,1795,939,198,1810,717,282
Bronx,Allerton-Pelham Gardens,36005035000,10190,15943,40962,52656,65568,6,9,19,26,29,10190,22122.64006,129.5070525,197500,787,1152,415900,1769.00000741379,1683.00000705337,73,1629.00000682706,835,420,42245.0001770468,232.000000972301,1748.00000732578,377.000001579989,846,160600.000673067,537.000002250541,1896,161,1205,1925,74,1188
Staten Island,Westerleigh,36085014700,0,23175,46020,62964,106429,17,21,34,32,40,12736.99441,29712.23131,167.4418625,222300,725,1049,518000,3929.00000914792,3867.00000900356,14,3536.00000823289,3354,44,64291.0001496891,307.00000071479,3352.00000780448,3032.00000705943,59,206700.000481261,564.000001313165,3421,3082,90,3412,2867,90
Bronx,Eastchester-Edenwald-Baychester,36005045800,0,7174,18166,12960,26343,,1,5,5,7,7627.192704,22999.99986,81.65680969,0,268,504,-999,8336.04636841978,3841.005372934,4365.3076171875,6878.99994874746,344,4686,64999.9995157123,133.999999001622,6789.99994941056,104.999999217689,4561,162499.998789281,248.999998144805,7329,81,3863,6123,56,2664
Bronx,Eastchester-Edenwald-Baychester,36005046000,0,12179,22833,30802,34273,,9,16,18,16,6402.159725,22340.76429,91.14902507,233300,607,730,374300,1793.95401529325,748.994805604335,1012.69268798828,2302.99994852394,474,1316,44772.9989992455,148.99999666959,2620.99994141608,254.999994300306,1820,168799.996227026,409.999990835786,2693,103,2081,2741,91,1994
Bronx,Eastchester-Edenwald-Baychester,36005048400,9625,20174,55539,57853,55577,5,12,20,26,24,9625,21923.07619,105.6756733,224500,859,1119,408900,1756.99997686122,1547.99997961364,182,1866.99997541257,566,936,46574.9993866313,247.999996733968,2291.99996981554,250.99999669446,1611,155799.997948195,626.999991742734,3758,136,2973,3598,100,2831
Staten Island,Stapleton-Rosebank,36085002900,8500,10809,18649,17019,31924,1,8,9,9,13,8500,19698.27576,93.68951664,145900,381,669,353100,4622.99997255241,3999.99997625127,593,5315.99996843794,2164,2039,35203.9997909875,156.999999067863,4953.9999705872,1197.99999288726,2241,123599.999266164,312.999998141662,5301,561,2879,5207,375,2535
Staten Island,Grymes Hill-Clifton-Fox Hills,36085003300,0,20729,48299,55568,59556,,38,0,,50,10450.45019,29833.3348,133.977286,189399.9906,748.0000145,1056,437000,2804.0594746095,2708.12586464424,49.9654235839844,2601.19986187047,2272.42749023438,78.9453659057617,69709.0014233896,278.000002633077,2602.19917030761,1852.71784245403,296.794616699219,226399.997356434,578.999978191462,3177.80092477798,1625.87487792969,691.521484375,3402,1517,797
Queens,Steinway,36081010100,0,14326,28590,50806,57097,3,6,14,31,48,9532.60884,24868.42105,95.90277778,272400,804,1101,671600,3101.00000577606,3083.00000574254,0,2956.00000550598,2574,0,56607.0001054387,214.000000398606,2423.00000451319,2030.00000378117,4,255600.000476092,567.00000105612,3002,2074,13,2552,1752,48
Queens,Steinway,36081009700,0,15989,39694,51495,66058,4,7,23,33,40,8292.857534,25352.11355,103.8815758,294800,803,1258,664500,3814.99996447004,3792.99996467493,0,3739.99996516854,3305,0,54564.9994918238,221.999997932464,3452.99996784143,2977.99997226521,11,226399.997891486,562.999994756654,3593,2639,13,3580,2668,68
Queens,Hammels-Arverne-Edgemere,36081099200,0,8185,24459,25179,44119,13,8,9,13,15,10571.42825,21136.36348,146.6304343,185500,575,915,426500,3534.99995030797,2667.99996249552,856,2525.99996449164,1255,706,29999.9995782855,190.999997315084,2506.99996475872,718.999989892909,1159,117899.998342662,429.999993955425,2788,490,1427,3803,322,2220
Queens,Woodhaven,36081000400,0,16742,32772,41845,59775,5,7,12,16,22,10318.58422,21131.57795,102.463769,189400,757,1102,442000,3370.99998744205,3336.99998756871,4,2983.99998888373,2487,7,39614.9998524226,205.99999923259,3351.99998751283,1795.99999330938,74,156799.999415874,535.999998003244,4747,695,362,4413,361,345
Brooklyn,Cypress Hills-City Line,36047118202,0,10877,26506,36179,31651,4,5,15,8,12,10154.47193,20462.96309,95.18518797,182900,685,976,520300,2146.00000774465,2100.00000757864,23,2309.00000833289,1230,46,36635.0001322111,205.000000739819,2770.00000999658,331.000001194538,356,141800.000511738,542.00000195601,3057,157,536,3083,87,419
Staten Island,West New Brighton-New Brighton-St. George,36085013301,0,6354,10129,12300,10417,0,2,4,4,15,4404.761504,15625,76.95651825,0,258,355,-999,2087,1659,400,1974,409,1077,36250,125,1839,163,1068,105000,192,1705,92,964,1633,85,889
Staten Island,West New Brighton-New Brighton-St. George,36085013302,0,16761,25805,36059,58942,,5,11,,19,7146.563916,16994.70495,93.70132073,147223.7239,610.9151696,1309,414100,2884.82251838363,2182.71882005391,684.098773905775,2325.53032198094,1415.10217114538,645.090426038019,36744.0092055696,202.990912143443,2215.41639753245,977.123156236485,675.190615832806,130300.357410436,492.012254634643,2763.99999999814,619.102639317513,1068.366568923,3587,382,1219
Manhattan,Upper East Side-Carnegie Hill,36061015002,0,52368,147567,166209,170486,53,66,79,86,85,20198.41203,65000,280.9171484,1000001,1444,2001,1000001,6694.99998752959,6551.99998779595,72,6628.99998765253,6219,61,207758.999613019,511.999999046326,6109.99998861924,5783.99998922646,42,500000.999068676,1000.99999813549,5866,5441,46,5437,4879,47
Staten Island,Todt Hill-Emerson Hill-Heartland Village-Lighthouse Hill,36085018100,0,30243,62668,68133,94806,14,22,27,34,38,13308.7898,39525.14107,134.5714268,364000,553.4435484,665,762700,3547.00001058039,3429.00001002509,101,2964.00000799493,2828,17,85301.0002039987,262.000000626577,2812.0000076169,2504.00000674666,46,293473.907614117,513.371429804353,3084,2632,48,2974,2451,37
Staten Island,New Springville-Bloomfield-Travis,36085018702,0,23400,47173,61377,81699,9,11,20,25,26,12707.66105,27383.51173,134.25,228600,745,1056,470400,4923.00004054772,4579.0000377144,321,6258.00005154329,5419,397,61613.0005074683,232.000001910841,6397.00005268815,4760.00003920519,429,185700.001529497,527.000004340574,7323,4699,427,7485,4188,427
Staten Island,Grymes Hill-Clifton-Fox Hills,36085003900,0,19580,39517,48277,67639,,32,0,,44,11600.83493,50488.46663,165.1502954,410292.1735,753.9964832,1033,279300,2585.94046595367,2499.87407793896,49.0345773398876,2156.80008434528,1843.5725774765,94.0546321980655,106862.13988722,287.995336645882,1941.80077709351,1474.2821195838,227.205389410257,353175.506605096,580.998931610615,2198.1991190908,1241.12514674664,415.478550434113,2197,1087,440
Staten Island,New Brighton-Silver Lake,36085005900,0,20640,47731,59811,62292,19,28,39,43,50,12126.76074,30590.55102,137.4125772,245000,757,1086,585700,2780.00004627975,2768.00004607998,4,2531.00004213455,2383,30,69915.0011639023,258.000004295027,2440.00004061963,2242.00003732345,39,216900.003610819,513.000008540112,2633,2245,91,2635,2065,132
Bronx,North Riverdale-Fieldston-Riverdale,36005033500,0,28495,53367,83735,100111,,42,0,,71,14643.79727,62330.46457,132.5567969,405009.4615,765.7929906,1040,378800,2221.70948938636,2139.85909978884,43.4279938414693,2384.03369175535,2169.91777348518,54.5570193231106,170478.764260158,263.975892672019,2988.17578673425,2613.44265812138,158.827918544412,499914.994641004,458.511023804838,2081.99998873472,1650.86206054688,116.744827270508,2178,1680,136
Bronx,North Riverdale-Fieldston-Riverdale,36005035100,0,20236,45369,49957,62292,,33,0,47,58,4425.925546,50803.56572,149.1708538,242300,681,959,327200,4073.95249911498,3919.10633987936,55.9444198608398,3136.88348386979,2506.509765625,185.815383911133,124999.99777098,271.000002290143,2627.38966961069,1799.2124695699,180.820358276367,395799.985600001,491.00000839675,3366,1998,387,3186,1847,321
Staten Island,West New Brighton-New Brighton-St. George,36085000300,0,10936,28177,39399,46731,,17,33,,47,8169.701908,22500.0015,93.81794984,165545.9772,638.6118356,959,345800,1365.05512216205,1280.39000251343,46.8700485229492,1356.43870246568,822.040085792542,163.909385204315,40000.0017286662,205.458301032512,1696.27023496199,997.910921960138,265.433546066284,146778.555955799,452.17938728526,1935.41044563055,737.630981445313,430.449127197266,1927,825,357
Staten Island,West New Brighton-New Brighton-St. George,36085000700,0,12410,26489,35843,39191,16,19,29,31,33,7879.166545,21250,86.70774908,152100,625,905,168700,4647.99998268485,4018.99998502806,534,4957.99998153001,1874,1849,41599.9998450279,207.99999922514,4440.99998345599,1413.99999473244,1766,163299.99939166,457.999998293817,4947,1025,2308,4915,1006,2339
Bronx,Williamsbridge-Olinville,36005037800,0,11970,25082,30893,44583,4,7,13,19,21,8622.222543,21944.44492,97.71844025,181300,592,897,419200,2467.9999603508,2204.99996457598,246,2382.99996171636,923,853,54614.9991225929,220.999996449566,2730.99995612563,383.999993830919,1355,176799.997159652,444.999992850935,2795,145,1692,3048,164,1770
Bronx,Williamsbridge-Olinville,36005038000,0,13575,28423,30734,35114,8,7,16,20,21,9431.371884,17083.33333,104.2519706,182800,654,890,262500,3588.99999456841,1819.99999724561,1712,4004.99999393884,755,2659,44999.999931897,247.999999624677,4036.99999389041,338.999999486958,3158,135399.999795086,487.999999261461,3910,91,3226,4585,158,3306
Bronx,Bronxdale,36005033800,0,12463,21862,25060,42830,5,11,12,7,24,7724.489904,21500,80.56818107,173900,626,940,431100,3109.00003166933,3054.00003110908,41,3204.00003263704,1811,477,40588.0004134432,192.000001955777,3766.00003836176,960.000009778887,1118,142700.001453591,462.000004706089,3848,431,1748,3818,232,1777
Staten Island,Todt Hill-Emerson Hill-Heartland Village-Lighthouse Hill,36085017700,0,30396,64325,86909,93491,,26,34,38,43,15438.48472,41410.87304,126.5765473,364931.9149,838.075,993,730300,5976.38242263971,5922.30028151651,19.9541070461273,6476.20383376169,6005.2158203125,31.6787495613098,87690.4512067994,250.838929473267,6437.00002017175,5621.00001735991,21,298915.819522418,600.963638098637,6920,5759,51,7001,5518,67
Staten Island,Westerleigh,36085016901,0,22347,49886,68403,54506,,18,19,25,27,12042.69665,24345.77505,120.8031392,235200,715,1236,467500,2376.61759189316,2356.69973289485,5.04589295014739,2786.79618182713,2600.78420639038,4.32125064730644,60686.9188190783,250.042901518359,2740.99999936181,2418.99999943678,8,186899.999956484,565.999999868218,2971,2382,14,2970,2091,91
Staten Island,Westerleigh,36085018701,0,21972,39901,57763,88929,,11,0,21,37,11431.37285,22686.91643,107.7777802,206200,709,1071,432100,1573.87549803452,1525.87929479078,37.9969940185547,1492.8819050607,1388.89013671875,33.9973106384277,54661.9997695871,245.999999946161,1496.88158866435,1294.89756668025,40.9967575073242,177800.001994579,565.999986893724,1740,1315,56,1807,1220,89
Brooklyn,Brighton Beach,36047036001,0,7506,14430,19539,20821,5,8,18,36,45,4453.488446,,102.0588252,113100,569,769,321800,3108.99996344454,3085.99996371497,10,3077.99996380904,2919,22,43749.9994855898,223.99999736622,3474.99995914113,3002.99996469088,30,149999.998236308,416.999995096936,3475,3154,8,3217,3021,17
Brooklyn,West Brighton,36047035000,0,13266,22865,25928,46180,,7,0,,40,9033.538366,13125.00001,110.8589687,16773.36476,564.944398,838,187500,4443.68915188825,4386.39146635984,36.237045198679,3928.18969542254,3762.16097021103,44.347298771143,8007.88186631673,206.936272634036,3312.51713927765,3179.11912193196,40.2535832226276,101.224782771584,418.992201109366,3583.99999984913,3398.87100327015,36.4685777127743,3296,3190,30
Brooklyn,Seagate-Coney Island,36047035200,0,3529,5902,7863,9215,2,4,4,16,23,1771.794887,,70.18987527,0,225,244,-999,1088.99999847868,1049.99999853317,36,1347.99999811687,971,226,,94.9999998672865,1194.9999983306,661.999999075197,252,137499.999807915,151.999999787658,1267,760,215,1246,762,234
Brooklyn,West Brighton,36047035400,0,15283,26198,28678,42436,8,13,15,32,36,10454.54606,,169.1501233,114300,513,736,310900,7956.00003334321,7935.0000332552,15,6576.0000275597,6424,43,8421.000035292,243.000001018401,6092.00002553128,5843.00002448773,108,55000.0002305023,374.000001567416,5622,5256,181,6271,5921,138
Brooklyn,East New York,36047116600,0,6912,17943,25833,38103,1,5,7,9,9,5220.18379,13500,82.9126193,144800,615,875,433600,4076.00002277642,2523.00001409836,1526,2196.00001227111,171,721,14375.0000803266,197.000001100823,2224.00001242757,52.0000002905726,914,109400.00061132,435.000002430752,2599,44,1191,2907,36,1537
Brooklyn,East New York,36047116800,0,6348,13098,30264,35469,,2,0,6,20,7566.666866,14625.00084,74.78873218,176100,595,990,479500,1825.96864837041,1745.94611796374,40.9206123352051,1658.64881206556,450.126739501953,165.50114440918,27500.0005052639,192.999994201976,1671.37966917571,127.308571101523,372.832244873047,110699.997595013,489.000015197508,1957,72,470,2057,36,596
Brooklyn,East New York,36047119200,0,8585,19661,26585,29097,3,1,6,3,9,7081.081264,15357.14207,112.788463,148500,582,977,455700,3921.99997808412,2505.99998599663,1324,2649.99998519197,271,713,21175.9998816699,213.999998804182,2604.99998544343,132.999999256805,789,101799.999431148,434.999997569248,2400,46,867,3013,33,1366
Staten Island,Arden Heights,36085017007,0,26491,53606,57500,73542,,21,0,18,28,12833.33342,28767.12354,124.0909121,154200,702,916,353200,751.857046166882,733.106727354053,14.446967124939,4688.50185003412,4302.12255859375,51.3328399658203,68568.9985684811,263.999991137087,4773.1037572242,4323.82296615633,14.9952507019043,193200.000248787,530.999985301448,3006,2161,116,4968,3171,204
Brooklyn,Bushwick South,36047042500,0,6350,10133,17109,30025,1,0,3,5,21,4185.185185,12500,61.96721295,196900,561,954,409100,2941.99999041017,2766.99999098061,118,2112.9999931124,215,43,13749.9999551801,169.999999445863,2551.99999168143,92.9999996968545,69,81299.9997349922,390.999998725485,2260,46,102,3042,571,159
Staten Island,Annadale-Huguenot-Prince's Bay-Eltingville,36085017012,0,25474,54923,65526,83454,,14,0,,25,12253.75957,30193.66522,129.7131346,254499.9924,701.9999793,783,544400,1768.47686007351,1758.55214540299,1.87764871120453,2788.57658688369,2683.15991210938,1.34117770195007,65942.9990743612,245.999997067305,2918.9390552586,2697.10827059595,2.95059084892273,196900.005241278,540.999998820063,4545.00023275614,4107.37060546875,10.0720224380493,4279,3656,47
Staten Island,New Springville-Bloomfield-Travis,36085022800,0,24338,35280,57944,250001,,15,0,,100,12489.52462,27607.51093,134.4754037,191556.549,733.962531,-999,586700,1386.22803651844,1378.77089663798,3.24972692955635,2682.81877677023,2532.27747800061,8.50913000166474,65039.8434651009,252.939224200776,407.674877601322,378.402571709872,3.25379829583107,169806.699615723,541.958867250713,599.130222069565,476.966531991959,10.2706593163311,105,46,0
Brooklyn,Bushwick South,36047038900,0,6389,15318,25208,30841,3,1,4,6,20,4195.3125,,68.5024152,124000,564,832,574000,3556.00000248384,3006.00000209967,403,2133.00000148988,72,82,12500.0000087311,172.000000120141,2307.00000161142,38.0000000265427,102,104200.000072783,353.000000246568,2287,43,159,2773,468,197
Brooklyn,Bushwick South,36047039100,0,6107,14821,13947,38114,1,0,3,5,15,4241.573244,13750,75.37312977,108900,540,883,398400,3012.99999050757,2390.99999246718,510,1454.99999541604,144,146,23749.9999251759,174.999999448664,1570.99999505058,99.999999684951,181,63799.9997989988,346.99999890678,1467,50,229,2303,294,190
Staten Island,Annadale-Huguenot-Prince's Bay-Eltingville,36085019800,0,21490,60240,66073,108921,0,13,19,25,41,10272.273,25847.2575,103.5070306,288877.6952,667.6430518,1391,685400,3664.99997568014,3457.99998079399,180,3247.99998953621,2753,266.999984741211,60767.3849228634,218.000000590485,3657.99999939834,3222.00000616972,159,222332.89085814,528.395835004447,5059,4607,77,6300,5516,74
Staten Island,Rossville-Woodrow,36085020804,0,25350,55753,71918,100842,,14,0,,31,11574.52669,29293.65842,105.3256813,291820.2566,639.0945294,917,625200,1341.43185997355,1318.93423112541,18.2310338277603,2555.90604739309,2453.10437721014,9.3146628360264,68458.2967181438,246.001829244981,3924.75950107582,3641.7141490646,10.8765708617866,216566.000794405,549.025607331869,5319.3112280175,4897.77369451523,18.0245282314718,5323,4757,34
Brooklyn,East Flatbush-Farragut,36047087200,0,18210,43646,45429,47422,8,11,17,19,21,8619.047674,24120.37188,101.4953325,210800,683,777,427100,3069.00003429875,2481.00002772734,531,3822.00004271418,620,2785,47778.0005339608,246.000002749264,3040.00003397465,34.0000003799796,2798,177000.001978129,476.000005319715,3627,84,3252,2868,14,2692
Brooklyn,Prospect Lefferts Gardens-Wingate,36047087401,0,10948,22962,23311,26915,10,12,7,13,12,6759.740209,21166.66524,110.9150346,188700,593,841,571000,3346.00009971857,1272.00003790855,1910,3082.00009185076,318,2464,40741.0012141764,210.000006258488,3455.00010296702,291.000008672476,2918,155000.00461936,426.000012695789,3315,275,2783,3142,236,2584
Bronx,Highbridge,36005019300,0,6871,10400,14457,17287,,3,0,,8,6344.914236,17518.04317,83.19768343,248417.1569,396.6306122,562,226100,6595.18023223151,3422.89113493171,3026.53840637207,4912.40963610448,157.430358886719,3194.4811706543,32999.3043484325,152.281828008112,4866.68451538961,78.440717077814,2427.99617004395,102683.58230534,284.524619688938,5698.41147887707,51.4948196411133,2393.90431213379,5461,37,1838
Bronx,Highbridge,36005019900,0,7605,13571,22231,30880,3,6,7,6,17,6315.789311,18125,82.76014207,203000,545,769,470700,7814.00008732826,4402.00004919618,3300,5342.0000597015,129,2991,17500.0001955777,182.000002034009,5793.00006474182,87.0000009723008,2237,91700.0010248274,360.000004023314,7880,58,2802,8154,117,2429
Staten Island,Annadale-Huguenot-Prince's Bay-Eltingville,36085017600,0,23912,58700,75710,94342,,16,0,27,30,11397.84904,28275.86104,106.1904786,391500,682,907,762800,2382.13895529553,2365.79183322335,14.5307750701904,2205.8256630669,1980.84338378906,.999920964241028,66257.0001844935,232.999993099,3936.68886468467,3581.71691981216,24.9980239868164,292500.004678745,527.000020945925,4812,4398,21,4815,4284,19
Staten Island,Oakwood-Oakwood Beach,36085012805,0,18134,35461,45871,66029,,7,0,,25,10647.76474,23820.19027,141.2736793,210099.9939,543.0000145,948,438100,2653.55316230269,2602.59054199206,17.1816453337669,2512.61283589856,2277.15869140625,17.1960868835449,59040.0006452309,234.999998647161,2585.36551079954,2281.78844007634,20.1723327636719,181499.994760846,415.00001751136,2963.34857726097,2500.04638671875,37.3684158325195,3158,2673,34
Staten Island,Oakwood-Oakwood Beach,36085012806,0,18134,35461,45871,56104,,7,0,,24,10647.7646,23820.19074,141.2736747,210099.9984,542.9999982,955,463500,5344.6741644975,5242.02741748718,34.6065410375595,5060.79814046702,4586.556640625,34.635627746582,59039.9980605313,234.99999510333,5207.33349067796,4595.88143843412,40.630256652832,181499.998682494,415.000004677107,5968.65152817965,5035.48779296875,75.2658843994141,5955,4486,249
Brooklyn,East New York,36047109800,0,10536,30625,33750,33214,4,7,9,9,15,7711.538745,18750,99.4827545,186000,625,858,490600,1274.00000474602,789.000002939254,470,990.000003688037,402,356,32500.0001210719,195.000000726432,1556.00000579655,320.000001192093,828,162500.00060536,473.000001762062,1488,184,988,1917,66,1551
Manhattan,Lincoln Square,36061014700,3500,18962,41091,68750,92891,4,75,71,86,82,3500,,48.57143148,162500,1174,1448,1000001,214.999997023078,131.999998172309,82,786.999989103082,479,93,,362.999994973849,868.999987967698,406.999994364618,126,0,384.999994669233,2231,1360,194,2755,1549,132
Manhattan,Lincoln Square,36061015100,0,8551,19865,39983,45880,,7,0,,46,5569.079083,,79.08676145,432300.0078,798.00002,803,483800,4410.47376592644,1975.08333928278,2158.05053710938,4731.14795021759,460.307098388672,2070.4189453125,12499.9997218907,145.000001718857,4247.72920993483,644.237325197551,1670.77990722656,0,291.000004501508,6828.53029108047,2433.46435546875,1653.44616699219,8306,3064,1547
Brooklyn,East New York,36047107800,0,20434,37184,41196,60317,7,10,15,17,28,10776.04177,23148.14769,155.8052362,159800,731,1067,369000,4323.99994613836,3320.99995863216,961,4781.99994043331,231,4082,46171.9994248613,296.999996300437,4382.99994540343,113.999998579966,3877,162799.997972092,540.999993261066,4428,81,4064,3849,66,3449
Brooklyn,Canarsie,36047095000,0,21985,40385,48036,65643,9,14,21,20,29,12506.36917,31785.7152,157.3369578,263900,792,1061,565200,3012.00001525297,2998.00001518207,0,2450.00001240696,2337,18,47368.0002398747,264.000001336914,2124.00001075608,1565.00000792526,301,181600.000919634,564.000002856134,3182,202,2735,2906,88,2688
Manhattan,SoHo-TriBeCa-Civic Center-Little Italy,36061002100,0,10045,71144,128384,203849,,50,72,81,84,4750.00014,,87.14286104,582800,1744,2001,1000001,134.131443350434,110.007083035607,12.5446672439575,848.000008095056,610,128,65000.0006204937,241.0000023006,1831.00001747883,1474.00001407089,64,0,1001.0000095556,2407,1804,96,6040,4472,195
Manhattan,West Village,36061006700,0,14161,33149,57567,76806,28,47,55,73,80,6854.166721,58076.92017,83.7142885,381300,990,1912,937500,5813.99999373924,5533.99999404076,202,5613.99999395461,5058,89,191666.999793605,230.99999975125,5773.99999378232,5078.99999453072,104,500000.999461578,481.999999480962,5645,4728,118,5461,4483,120
Manhattan,West Village,36061006900,7875,16707,78504,128295,151927,39,46,65,81,82,7875,,151.7857214,552100,2001,2001,1000001,625.999997667968,569.999997876585,44,1038.99999612942,747,144,224999.99916181,375.999998599291,2298.99999143556,1840.99999314174,166,500000.998137351,1000.99999627098,2341,1964,82,2759,2284,87
Manhattan,Yorkville,36061013600,0,21115,51869,69163,92956,44,57,66,74,77,9194.323545,53750,197.8021987,439100,1152,1678,912400,15968.0001784563,15504.0001732707,241,14702.0001643077,13551,173,137500.001536682,355.000003967434,15835.0001769699,14388.0001607984,180,500001.005587947,741.00000828132,15354,13450,253,15344,12763,292
Manhattan,Yorkville,36061014401,0,26005,56348,84046,126518,49,64,69,78,86,9915.441491,65000,216.6428487,353500,1168,1988,668400,5245.00015631318,5036.0001500845,116,5137.00015309453,4805,76,222222.006622732,447.000013321638,5001.00014904141,4568.00013613701,82,500001.014901191,757.000022560358,4887,4272,85,4864,4155,104
Manhattan,Yorkville,36061014402,0,22505,52843,67055,90156,45,57,73,82,85,9717.857093,65000,186.8637683,536100,1169,1696,1000001,6372.00002596295,6195.00002524175,85,6714.00002735644,6062,162,218269.000889345,374.000001523877,6546.00002667191,5952.00002425164,112,500001.002037272,800.000003259629,6359,5468,128,6743,5552,172
Brooklyn,Fort Greene,36047003100,0,14343,36569,40641,63286,,42,33,34,52,6525.88284,,132.152712,94300,640,1114,354300,2312.94695001185,1441.63097499269,497.584251403809,2763.75293554087,524.004233837128,1288.42627334595,21251.255005175,232.51405532678,3201.00007229322,322.000007272232,1747,200000.004516914,488.000011021271,2870,417,1618,2472,532,1213
Brooklyn,Fort Greene,36047003300,0,7488,34323,45213,80662,8,19,43,50,65,2991.071631,18750,79.71830953,357400,822,1657,888900,2003.99997200444,796.999988866039,1144,1639.99997708946,292,911,54285.9992416333,195.999997261912,1762.99997537117,491.999993126839,831,266699.996274244,593.999991701916,2348,579,1077,2327,1145,570
Brooklyn,Flatlands,36047072400,0,19741,48098,47861,75541,3,14,16,20,31,11026.31504,24214.2865,141,184600,784,1201,445800,1658.99999072962,1651.99999076873,2,1507.99999157339,1054,362,42169.9997643568,257.999998558313,1956.99998906441,235.999998681247,1561,172999.999033287,587.999996714294,1984,74,1780,1755,40,1604
Brooklyn,Flatlands,36047094401,0,19200,37255,49630,56504,,11,0,,31,11223.55146,28194.89472,144.7097278,246031.6945,727.3740501,957,455200,3477.6129053242,3448.77419561846,9,3010.48387269606,1368.96774291992,1415.38710021973,57363.808324312,249.562859476088,3251.90322840121,283.903225833783,2799.7096862793,186392.248183456,545.939134790005,3350.00000286102,82,3125.09677124023,3202,51,2998
Brooklyn,Flatlands,36047094402,0,11076,15757,14728,14338,2,6,7,8,4,8681.25025,,103.023621,0,333,388,-999,3802,3193,598,2860,2092,594,65000,159,2671,1573,754,137500,276,2826,440,1917,2886,154,2233
Manhattan,Yorkville,36061015601,0,7444,37725,53153,86118,10,24,62,69,75,5963.33346,,58.04985517,368800,1355,1922,606300,3573.00007986277,3052.00006821752,406,2046.00004573166,903,195,22500.0005029142,181.000004045665,4630.00010348856,3178.00007103384,429,350000.00782311,1001.00002237409,5486,3487,475,5345,3439,362
Manhattan,East Harlem South,36061015602,0,8108,13750,15069,39375,5,11,16,10,46,4161.017162,,67.01612774,0,409,665,1000001,2854.99997872859,1783.99998670816,928,1797.99998660386,201,586,,135.999998986721,1545.9999884814,172.99999871105,432,0,304.999997727573,1598,219,456,2298,636,423
Brooklyn,East New York,36047110400,0,10080,22091,25171,30691,,4,0,,12,7377.706741,19737.89541,107.0170753,166145.5988,557.5041804,649,433100,4113.50298269466,1871.74557334371,2185.13903808594,4416.57400631439,174.597640991211,2987.6953125,36261.8293845939,186.025531406284,4405.65093153622,43.680473761633,3360.74560546875,132191.05734999,416.713913495143,4018.00004053116,33.7159767150879,3237.884765625,4358,59,3511
Brooklyn,East New York (Pennsylvania Ave),36047112200,0,10448,25458,26778,43485,2,6,17,5,16,6884.614934,17857.14222,90.34090909,195500,630,934,384300,2958.00001101941,1455.0000054203,1404,2653.0000098832,66,1527,39000.0001452863,200.000000745058,2904.00001081824,66.0000002458692,1802,137500.000512227,433.000001613051,2914,28,2206,3371,32,2629
Manhattan,Morningside Heights,36061019701,0,0,36250,14688,96094,0,18,2,85,79,6142.857143,,83.47826393,,175,2001,-999,569.999997876585,12.9999999515712,553,143.999999463558,54,77,,119.999999552965,45.9999998286366,14.9999999441206,15,,1000.99999627098,23,13,3,641,331,107
Manhattan,Morningside Heights,36061020101,0,17228,34764,59479,81648,49,71,54,83,48,5230.769022,,110.4545474,383300,820,1589,383300,1109,935,99,1333,928,175,150000,268,1358,863,85,0,671,2215,1275,242,1731,907,162
Manhattan,Morningside Heights,36061020300,0,15859,19968,34702,34353,56,71,65,86,92,6596.153924,,94.8387084,444700,877,1363,1000001,1277.00000951439,1004.00000748038,190,2980.00002220273,1906,429,45000.0003352761,237.000001765788,2748.0000204742,1659.00001236051,360,0,467.000003479421,3583,2109,388,3633,1713,415
Manhattan,Morningside Heights,36061019900,0,15653,33252,49750,52715,40,55,63,71,76,2685.802479,,124.0969968,365700,890,1243,786400,12065.9999101013,10216.9999238774,791,9613.99992837012,6174,982,19999.9998509884,278.999997921288,9977.99992565811,6545.9999512285,648,187499.998603016,579.999995678663,9077,5733,669,10064,6001,757
Manhattan,Morningside Heights,36061020500,0,22599,34858,73750,118750,61,71,78,86,87,3841.176645,12500,150.8080847,484700,975,1478,706800,4559.00015417923,4089.00013828446,211,4645.00015708763,3801.00024414063,247.000015258789,42500.0014372927,337.000011396885,6556.00022171508,4825.00016317499,254.000015258789,162500.005495531,626.999980362201,5113,3481,415,5322,3428,406
Brooklyn,East New York,36047121400,0,5442,13764,8927,17022,1,1,2,3,4,4202.531906,,82.14673572,291700,221,412,-999,5143.00007663667,3514.00005236268,1545,5452.00008124113,89,4215,,135.000002011657,5235.00007800758,68.000001013279,4003,0,199.000002965331,4384,57,3003,4351,40,2657
Queens,Woodhaven,36081005200,0,12106,26550,33220,53111,2,4,8,14,18,9333.333333,20294.11742,100.4347883,218400,749,1278,557000,1814.00001013651,1805.00001008622,3,1737.00000970624,1538,0,37500.0002095476,216.000001206994,1771.00000989623,1117.00000624172,35,164100.00091698,537.000003000721,2415,587,201,2751,330,295
Queens,Ozone Park,36081005400,0,17645,36435,44958,58100,,5,0,,16,9664.062323,21622.44839,103.0534292,189700.0036,672.9999872,1133,466300,4505.40285277058,4498.40843716415,2.99760675430298,4107.72036543355,3892.89184570313,.999202251434326,41353.0001440278,215.000004936999,3979.82248005882,3371.30832229939,16.9864387512207,165799.994357928,524.000005382537,5242.81421327591,1966.43005371094,301.759094238281,5257,1172,521
Brooklyn,East New York,36047111600,0,12780,24861,26731,41739,,4,0,,28,8564.624154,19357.41388,105.9148562,181999.8042,514.185839,1032,395600,1947.49703735719,992.254436007701,891.860946655273,2283.42602784885,119.402366876602,1234.30473327637,35639.0205761769,212.499189769654,2095.34910582053,72.3195265936665,1275.25443840027,130442.313262424,434.796730932801,2315.00000039116,55.2840236723423,1610.11538505554,3484,40,2715
Brooklyn,East New York,36047112000,0,9383,22112,30145,49888,3,5,8,12,16,5962.121402,15625,88.75969166,175100,671,985,454800,3100.99997111969,1288.99998799525,1726,2705.99997479841,112,1353,30555.9997154251,192.999998202547,2942.99997259118,52.999999506399,1644,117999.998901039,421.999996069819,3142,26,1839,3155,32,2007
Brooklyn,Canarsie,36047095600,11680,17910,31912,48934,61842,10,10,23,22,22,11680,22500,164.3269119,252800,840,1214,568300,3364,3339,23,3303,3214,3,44500,279,2718,2572,16,172100,573,3966,664,2860,4042,158,3524
Brooklyn,Canarsie,36047095800,0,18461,39818,52109,63194,5,10,15,23,23,11581.96714,25454.54545,148.5123861,221100,820,1156,436900,2925.9999618493,2905.99996211007,0,2543.99996683002,2484,1,46976.9993874896,259.999996609986,2623.99996578693,2266.99997044168,13,166499.997829087,553.999992776662,3351,590,2251,3456,150,2968
Brooklyn,Canarsie,36047098800,10325,16405,37951,42500,61373,5,12,14,18,19,10325,24375,147.8947238,218100,689,991,436100,2618.00002194382,2581.00002163369,21,2654.00002224557,2033,311,39643.0003322838,243.000002036802,2528.00002118945,1207.00001011696,635,197500.001655426,517.000004333444,3074,472,2153,3054,250,2428
Brooklyn,Canarsie,36047099000,9375,12090,30515,42283,49911,3,5,14,11,21,9375,21465.51818,103.7777778,189800,796,1089,455300,1246.00001392514,1234.00001379102,10,1231.0000137575,1163,9,43387.0004848875,210.000002346933,996.000011131167,862.000009633601,42,169000.001888722,497.000005554408,1531,276,905,1422,97,1068
Manhattan,Hamilton Heights,36061022900,0,9072,18269,21692,34713,6,6,9,10,20,5316.498501,42500,81.01781537,194400,515,791,169100,8353.00007779337,2340.00002179295,5657,7224.00006727874,262,3823,55000.0005122274,174.000001620501,8423.0000784453,251.00000233762,3347,225000.002095476,337.000003138557,8843,241,2564,8300,697,1967
Manhattan,Hamilton Heights,36061023300,0,8474,19333,23753,31264,,6,0,,42,5178.594479,17000,84.94497182,308894.6863,569.6524026,895,1000001,6419.46969812114,899.309002278529,5435.1541261971,5471.5085481219,134.672397494316,4368.00135803223,46585.5587803482,172.949411728552,5726.17268891819,125.944761041552,3435.03106307983,182296.165634867,337.881951373077,6084.89623946697,216.017107605934,2724.59247303009,6527,862,1916
Manhattan,Central Harlem South,36061021800,0,5639,9115,22246,37026,2,4,8,15,36,4172.364828,10416.66723,71.73960835,392300,418,743,669200,8804.00014758855,52.0000008717179,8685,4827.00008091889,14,4679,57500.0009639189,141.000002363697,4258.00007138029,34.0000005699694,3825,156300.002620183,240.000004023314,5018,104,3986,6617,819,4364
Manhattan,Central Harlem South,36061022000,0,4842,11466,21123,35313,1,2,6,20,41,3914.285714,18750,67.70370612,376700,406,721,719300,6609.0000069245,26.0000000272412,6563,4250.00000445289,9,4073,36667.0000384174,145.000000151922,3963.00000415219,57.0000000597211,3458,216700.000227045,253.000000265078,5068,145,4048,5370,829,3334
Brooklyn,Canarsie,36047101200,0,17307,31146,48854,47317,4,15,11,24,20,10836.95596,25526.31746,110.375,191600,706,945,436900,2040.00003039837,2038.00003036857,0,1704.00002539158,1565,0,47700.0007107854,209.000003114343,1662.00002476573,1254.00001868606,20,162800.002425909,504.000007510185,2016,480,1167,1932,167,1516
Brooklyn,Crown Heights North,36047027100,0,12185,25497,27789,42819,,1,12,7,8,5515.201068,15638.32857,88.73539761,157222.9167,550.1363057,885,450000,3608.61174278746,184.20347178866,3390.74108886719,2194.71433329688,63.2668872177601,2060.57926177979,33872.2079260839,219.341954987272,3285.99995208532,36.9999996013939,2968,116524.269877092,396.063506386051,2810,34,2524,2471,40,2064
Brooklyn,East Flatbush-Farragut,36047081600,0,15525,35150,39333,39779,8,16,18,19,22,7522.222222,22644.22951,86.18243634,194100,578,930,449000,2552.00001901388,1944.00001448393,549,2793.00002080947,243,2047,45000.0003352761,198.000001475215,3068.00002285838,68.0000005066395,2685,162200.001208484,404.000003010035,3011,48,2633,2791,34,2470
Manhattan,SoHo-TriBeCa-Civic Center-Little Italy,36061003100,0,22308,54359,67361,104405,13,68,53,58,64,3666.666853,,43.57143148,366100,1599,2001,944400,100.000000791624,51.0000004037283,20,299.000002366956,239,27,,473.000003744382,319.000002525281,164.000001298264,85,0,693.000005485956,1726,750,175,2550,1421,136
Manhattan,SoHo-TriBeCa-Civic Center-Little Italy,36061003300,5500,16952,58831,113332,161328,45,74,81,82,92,5500,,131.25,794100,2001,1976,1000001,94.0000001046428,88.0000000979635,1,1470.00000163644,1326,20,150000.000166983,411.000000457534,2361.00000262832,2032.00000226207,74,187500.000208729,895.000000996333,3696,3088,85,5156,4241,117
Manhattan,Upper East Side-Carnegie Hill,36061016001,0,34891,106996,152728,189936,51,67,77,82,86,14480.76941,64444.44275,195.0996807,919600,1221,2001,1000001,4933.00003675371,4817.00003588945,53,4386.00003267825,4076,58,210714.001569942,371.000002764165,4179.00003113598,3901.00002906471,68,500001.003725298,773.000005759299,4172,3827,43,3744,3370,41
Manhattan,East Harlem South,36061016002,0,16128,39094,58619,78583,32,45,55,62,74,6801.075372,,85.11111256,667100,757,1259,1000001,3239.00007239729,2912.00006508827,235,3024.00006759167,2086,208,208333.004656605,241.00000538677,3464.00007742643,2279.00005093962,234,450000.010058284,467.000010438263,3164,1981,163,3131,2143,98
Manhattan,East Harlem South,36061016400,0,6145,11353,14830,31903,2,1,4,8,33,4037.558594,,79.33846518,211700,241,546,-999,7833.0001021307,4505.00005873851,3072,6729.00008773617,176,2131,,137.000001786277,6033.00007866137,135.0000017602,1576,225000.002933666,233.000003037974,5986,131,1572,6127,660,1414
Manhattan,East Harlem South,36061016600,0,7064,16449,26670,34491,3,4,12,12,27,4939.394193,15625,60.4248351,119700,490,838,903800,9203.99996571243,6119.99997720122,2607,6147.99997709692,326,1245,37499.9998603016,142.999999467283,6073.99997737259,343.9999987185,1024,162499.99939464,273.99999897927,7327,518,1365,7317,1402,1237
Manhattan,East Harlem South,36061017000,0,9719,19358,27168,39611,5,6,14,15,20,6102.458967,,59.32670809,81900,530,821,455300,9839.99996334314,5833.99997826666,3204,6910.99997425452,545,2479,7962.99997033551,170.999999362975,6626.9999753125,406.999998483807,2015,187499.999301508,325.999998785555,8157,483,2172,7855,612,1665
Brooklyn,Brownsville,36047090600,0,6267,10790,10805,13450,,3,0,,7,4786.764925,,79.71346492,154400,238.0000038,451,516700,5439.36387449317,1673.71872403193,3649.32836914063,4677.53328286484,27.5253486633301,3681.29321289063,28749.9989158372,136.000000863742,5092.18932749238,16.8703744066879,4099.5009765625,67499.9981450421,194.999998355242,4150.99990963936,15.9824600219727,3128.12255859375,4581,33,3146
Brooklyn,Brownsville,36047091200,0,6605,8853,8182,15811,0,2,2,1,5,5632.142772,,78.07753084,149200,241,353,-999,9312.99972245097,1283.99996173382,7993,8483.9997471571,32,7557,,133.999996006489,9036.99973067641,11.9999996423721,7973,0,206.999993830919,7340,15,5916,6814,61,4692
Brooklyn,East New York,36047121000,0,5939,8527,9919,17377,2,4,2,2,2,5109.588889,,86.48734473,12500,203,407,-999,4647,2314,2282,4733,45,3823,17500,133,4672,28,3709,0,184,3986,36,2521,4035,26,2007
Manhattan,Upper East Side-Carnegie Hill,36061015801,9128,20583,60652,92940,136378,39,58,71,80,84,9128,64716.98182,127.2043026,696200,1263,1815,991400,5577.99998961017,5444.9999898579,82,5002.99999068119,4511,92,214864.999599783,330.999999383464,5273.99999017641,4765.99999112263,87,500000.999068676,834.999998444691,5804,5068,114,5650,4782,113
Manhattan,East Harlem South,36061015802,0,12489,34056,51648,74496,26,32,40,55,76,6990.565911,,77.14953498,1000001,1163,1940,225000,3441,2858,407,2425,1077,303,,188,2290,1028,355,0,538,3190,1706,421,3346,1852,278
Manhattan,East Harlem South,36061017200,0,5148,11292,19107,26853,3,3,9,8,19,4256.509514,,66.25957039,141890.2439,440.7568996,697,1000001,8821.00009765103,5958.00006798282,2463,5616.00005273893,158,1177,7500.00005587935,140.491441452454,4496.00003984571,140.000001188368,859,71590.9096243029,288.526486322108,5258,174,983,5504,532,1037
Manhattan,East Harlem North,36061018000,0,5110,8775,13705,23311,2,4,5,7,15,4217.488584,,70.35447796,364100,355,524,758300,10956.9999081595,6959.99994166195,3799,7505.99993708543,462,2098,57499.9995180406,134.999998868443,7121.99994030409,193.999998373911,1737,162499.998637941,238.999997996725,7851,262,1951,7476,522,1706
Manhattan,East Harlem North,36061018200,0,6285,13059,16058,22395,0,3,4,7,16,4717.70297,,73.46638274,19600,375,511,-999,9257.99992240034,4693.99996065535,4122,7765.99993490614,85,3135,27499.9997694977,134.999998868443,7093.99994053878,74.9999993713573,2484,82499.999308493,245.999997938052,6859,114,2196,6768,362,1856
Manhattan,East Harlem North,36061017800,0,4884,13568,23284,33705,,5,10,12,26,4527.439309,13749.99996,60.07873759,242500,519,873,543900,5725.96884080721,4286.11048111484,1202.96423339844,3523.00005249679,891,609,26250.0003911555,158.000002354383,3459.00005154312,684.000010192394,672,162500.002421439,312.000004649162,4096,555,894,3912,756,782
Manhattan,East Harlem North,36061018800,0,4864,14926,16716,34375,3,2,7,11,25,4139.593667,,60.26436648,236100,475,719,484400,7607.00004250743,6315.00003528781,986,4958.00002770498,560,650,25000.0001396984,159.000000888482,4477.00002501719,332.000001855195,547,112500.000628643,326.000001821667,6471,402,1160,6008,702,1100
Queens,park-cemetery-etc-Queens,36081107202,0,0,,,-999,,,,,0,,,,,,-999,-999,0,0,0,0,0,0,,,0,0,0,,,0,0,0,0,0,0
Queens,Lindenwood-Howard Beach,36081089200,0,27066,52409,57109,92034,,16,0,,25,13892.11421,40534.26545,134.9868089,371778.2088,677.0898965,1288,658600,9859.81012638356,9786.5650983152,21.7774605341256,9431.88767954213,8914.17737357694,43.5469949685357,76282.47619451,270.991791873399,8024.40593636042,7518.51460496396,15.8551722634584,293673.295599464,597.014030909267,8646.99988378189,8099.42214536667,8.93562509864569,7430,6679,21
Brooklyn,East New York,36047120800,0,12542,23382,30568,32417,2,6,8,13,12,9145.348469,22187.49907,112.8930782,193400,589,895,437000,3739.99996582163,3351.9999693674,325,7694.99992967845,1030,4860,42744.9996093704,245.999997751904,7868.99992808833,453.999995851074,5827,149299.998635607,525.999995193095,8483,200,6458,8938,174,6565
Manhattan,Washington Heights South,36061024100,0,10440,22244,26491,41018,,17,20,24,24,7024.734654,,96.27482824,150900,527,776,399400,8081.22886071296,3455.53031944966,4383.22216796875,7421.00004146807,711,4062,46667.0002607722,195.000001089647,7587.00004239567,568.000003173947,3410,118800.000663847,357.000001994893,8295,604,2971,7642,1089,2108
Manhattan,Washington Heights South,36061024700,0,11654,22315,30132,34604,18,14,0,,22,6987.245316,,109.5093025,162220.214,577.2428843,816,481900,6853.00010211766,5186.00007727742,1415,7088.33015098097,900.23574668169,1271.04714933783,20000.0002980232,230.000003427267,7407.53631063038,731.650237685535,1104.0608600378,0,400.05695216427,7758.66393758729,508.636516034603,1038.39090549946,7074,853,819
Manhattan,Lower East Side,36061001002,0,5917,11199,14519,17828,,2,0,,6,5076.117819,,79.13774429,19.52162012,272.000703,477,-999,6777.17286729508,4620.06304618463,1922.35191363841,6710.31047550611,428.570506912656,1364.27718559653,,127.000299423642,7621.33053693589,258.006438060054,1349.05552503094,0,197.000609005819,6733.33597078291,135.007341093849,1201.06110964715,6547,119,1234
Manhattan,Lower East Side,36061002201,0,10025,18773,25700,41166,,9,14,19,32,5639.664732,,68.81532769,229500,471,811,475400,7210.23666497259,5472.94753113913,1170.87805175781,5741.10779988673,779.700317382813,966.43896484375,7352.99979248667,173.999994822632,6658.9999517432,936.999993209698,928,187499.998641215,361.999997376639,6646,830,928,6398,1141,828
Manhattan,Lower East Side,36061002202,0,5370,21786,32425,95125,4,9,27,45,76,3118.055601,,66.0859735,346200,773,1816,968800,3090,1975,749,1284,164,177,22500,156,1224,428,193,0,546,1556,743,192,2189,1094,224
Brooklyn,East Williamsburg,36047049100,0,10232,19739,24459,32093,,7,0,,16,6867.724886,,65.63130646,9999.000188,403.0000127,664,188400,5674.74003802997,3526.68482822855,2009.55859375,5214.88947214931,431.659759521484,1788.59020996094,5714.00012558145,166.999998861586,5441.71068505943,254.799159877002,1641.70593261719,87499.9976050197,306.999997941643,5448.70513117313,341.730621337891,1299.97534179688,6418,1100,1096
Brooklyn,Bedford,36047050700,0,3229,11719,18571,20598,3,0,0,7,4,3668.269385,,62.22688951,275000,395,799,519200,2708.9999479641,2291.99995597405,329,569.999989051139,38,38,32499.9993757228,159.999996926636,511.999990165234,11.9999997694977,23,43799.9991586665,296.999994295067,728,34,47,2288,1578,113
Manhattan,Washington Heights North,36061028100,0,15957,35714,48426,80714,,25,0,,80,10216.81017,,123.604096,126998.8288,749.938696,1278,398200,2886.11520800961,2855.08947019035,9.01169900875539,2740.07923355768,2405.57705360651,138.032172273844,,257.980546774913,2659.14621038281,2216.43140094785,122.048843361437,42.3967431604413,481.974362760371,2540.32988482027,1890.2766815424,106.044748708606,2867,2129,186
Manhattan,Washington Heights North,36061027900,0,10283,21261,30387,36731,11,12,14,21,32,7550.909036,,89.86928131,170500,585,866,386800,9302.00019058958,8482.00017378852,503,9445.00019351952,2656,695,47500.0009732321,200.000004097819,11175.0002289657,1852.00003794581,646,212500.004353933,399.00000817515,11764,1414,545,10292,1661,469
Manhattan,Washington Heights North,36061028300,0,11166,24634,26238,37252,12,19,20,20,41,7899.425524,,89.2714301,22400,577,833,233700,6972.99998701178,6429.99998802319,379,6977.99998700246,3099,841,32499.999939464,198.999999629334,7166.99998665042,2175.99999594688,735,162499.99969732,392.99999926798,8370,1339,586,7627,1323,589
Manhattan,Morningside Heights,36061020901,0,8037,11837,14310,21979,3,4,13,13,16,5654.838794,,75.5351149,96700,337,441,116900,5334.99998757849,1145.99999733176,4041,3849.99999103602,25,2911,21249.9999505235,139.999999674037,3324.99999225838,134.999999685679,2300,224999.999476131,248.999999420252,3448,63,2009,3673,164,1722
Manhattan,Morningside Heights,36061021100,0,11857,27341,34943,48957,28,37,0,,59,6480.951986,,89.49139493,100285.405,584.9746012,899,473400,11794.0003514886,7209.00021484494,3746,11612.7650519197,3567.64705896378,3977.02941176482,6364.00018966198,195.000005811453,9475.17675292833,2976.9706769165,3226.05882352963,224778.885430153,403.970346188195,10718.0000000075,3517.41176474094,2978.05882352963,10330,3829,2204
Brooklyn,Williamsburg,36047050900,0,11472,19034,17118,20750,,3,0,,11,4056.503117,,66.89419871,270128.9043,621.0150347,1074,515300,1455.47302177509,1226.7798575054,200.583993315697,856.110543956165,37.3402469456196,18.409819483757,5010.09976885494,170.976683455988,937.289332483197,29.2008406982059,8.29404103755951,997.180881002625,368.605638386824,1842.29482978588,877.269362151623,9.02467882633209,3694,3329,18
Brooklyn,Bedford,36047053100,0,9469,12039,22796,24018,1,1,2,5,12,4530.07526,12500,72.20587757,244600,547,1224,469500,3718.99997943494,3013.9999833334,619,1646.99999089254,574,56,29374.9998375642,177.999999015708,1770.99999020685,735.99999593012,30,93799.9994813115,391.999997832347,2582,1780,18,7027,6726,16
Bronx,University Heights-Morris Heights,36005024502,0,7177,16078,22261,35256,,6,0,,4,7870.000326,28636.36492,88.76299434,166500.0051,542.0000082,825,580700,3408.54453339614,2687.22719537467,623.576721191406,2982.15635547694,93.899299621582,1407.208984375,45385.0007494597,195.000003220109,3241.6598711675,59.7540990076959,1204.04504394531,129999.999658446,370.000001478938,3645.00012695789,55.4859504699707,1180.9970703125,3640,41,943
Brooklyn,Rugby-Remsen Village,36047088400,0,8068,20502,23883,36504,,5,0,,9,6419.010145,25000.76415,93.89639112,248462.0813,671.9729049,874,562800,4687.88097115709,1604.74112166317,2943.13714957237,4444.14768201767,65.2214963212609,3858.11603498459,48329.4729747502,207.037234815228,5268.82528952544,34.0319193562027,4779.46711969376,87595.5327855315,472.013328344782,5096.9999999344,19.0159598048776,4779.64888429642,5236,52,4817
Brooklyn,Brownsville,36047089200,0,8153,20065,21717,27022,,4,7,10,11,5155.73788,,85.0520895,228100,604,801,586900,3226.6852010537,1507.18196601581,1638.76135253906,3621.99997638725,79,2940,49999.9996740371,191.999998748302,4224.99997245613,22.9999998500571,3686,162499.998940621,410.999997320585,4012,23,3613,3651,25,3256
Brooklyn,Brownsville,36047089400,0,10304,29881,32619,43616,1,2,6,8,12,4653.061103,16250,85.24436051,165600,683,985,374600,6646.00000618957,1601.00000149105,5006,2730.00000254251,7,2466,26667.0000248356,192.000000178814,2734.00000254624,20.0000000186265,2404,119200.000111014,462.000000430271,3664,19,3228,3430,43,2960
Brooklyn,Brownsville,36047090000,0,7747,15290,17869,22685,1,2,7,3,4,4519.53125,18750,82.88557432,174500,353,616,402400,10353.0000028625,2301.0000006362,7933,2231.00000061684,10,1939,30833.0000085249,176.000000048662,4720.00000130502,14.0000000038708,3702,111300.000030773,298.000000082393,5520,24,4482,5508,19,4385
Manhattan,Hudson Yards-Chelsea-Flatiron-Union Square,36061005800,0,11981,35078,68523,133641,15,50,60,77,82,6794.117834,,110.8333333,775000,921,2001,1000001,361.000002017245,307.000001715496,39,945.000005280599,763,37,80000.0004470348,280.000001564622,665.000003715977,541.000003023073,41,0,550.000003073365,659,544,18,3512,2406,113
Manhattan,Hudson Yards-Chelsea-Flatiron-Union Square,36061008700,0,13537,34614,56939,109638,20,37,54,71,74,6950.198844,,90.6684495,236200,941,1777,720300,5088.999971563,4645.99997403845,218,4739.99997351319,3131,169,206249.998847488,240.999998653308,5012.99997198768,3542.99998020194,222,500000.997206027,505.999997172505,4626,3461,145,6338,4602,185
Manhattan,Hudson Yards-Chelsea-Flatiron-Union Square,36061008900,0,16168,34137,55198,79688,27,43,53,64,68,6299.065387,,87.53424992,236700,820,1165,901800,6350.9999408517,5758.99994636513,398,5799.99994598329,4071,379,208332.998059748,247.99999769032,5610.99994774349,3970.99996301718,439,500000.995343378,506.999995278195,5320,3535,412,5708,3760,363
Manhattan,Hudson Yards-Chelsea-Flatiron-Union Square,36061009300,0,14206,35314,51710,70690,20,32,46,55,64,7688.469886,60000,110.2451886,206000,786,1242,664500,10129.0001698006,9204.00015429407,756,9164.00015362352,6617,702,8409.00014096685,267.000004475936,8920.00014953315,6281.00010529347,627,500001.00838192,488.000008180738,8714,5876,612,8780,5773,611
Manhattan,Hudson Yards-Chelsea-Flatiron-Union Square,36061009900,0,9202,32039,60476,122031,,16,0,35,67,4682.041704,,69.89282447,1000001,873,1787,784700,896.589786861839,753.139780708152,135.186930656433,636.289712268309,233.830988407135,154.144686460495,,164.806771435118,699.875550115465,265.059250894793,170.749786376953,500001.004534893,579.000019321795,1155,499,315,1945,1276,171
Manhattan,Hudson Yards-Chelsea-Flatiron-Union Square,36061011100,0,7236,26845,41940,65536,7,22,37,48,59,5503.333443,,77.09558905,288800,815,1421,700800,2965.0000386592,2726.00003554299,144,2749.00003584288,1484,240,45000.0005867332,163.000002125278,2228.00002904981,1142.00001488999,247,0,380.000004954636,3048,1420,268,3512,1898,306
Manhattan,Manhattanville,36061021900,0,7443,13718,17272,18869,,3,6,6,12,6148.648292,,78.41032358,625000,396,492,114800,7726.2134204463,3681.17004968559,3768.75244140625,5445.87532566241,102.657104492188,2890.38647460938,,153.000000273728,5186.99989915767,61.9999987946358,2508,93799.9981764006,277.999994595302,6423,128,2560,6023,165,2083
Manhattan,Manhattanville,36061022301,0,8455,17282,26771,24690,,3,9,9,20,5113.138732,,81.74386284,171100,480,729,357600,8112.49982522696,6063.55223076512,1658.79711914063,11343.9999762289,337,2503,4999.99998952262,179.999999622814,8799.99998155981,269.999999434222,574,274999.999423744,334.999999298016,8410,192,429,7917,729,471
Manhattan,Manhattanville,36061022302,0,7443,11937,17400,17923,,3,5,9,19,5499.447084,,80.32346869,583300,422,558,-999,1971.28699557483,1248.27792329341,638.450454711914,1026.12447202206,19.3428897857666,544.613342285156,,152.999996401653,3579,33,1747,0,309,3997,55,1242,3385,207,834
Manhattan,Hudson Yards-Chelsea-Flatiron-Union Square,36061009100,0,12815,34667,58381,108976,22,42,57,68,77,6724.026045,,106.4825624,376000,1038,1743,1000001,2936.99997811764,2688.99997996539,156,4268.99996819347,2992,399,133332.999006592,279.999997913837,4450.99996683747,3355.99997499585,341,500000.996274702,540.999995969236,4553,3242,257,6304,4391,360
Queens,Lindenwood-Howard Beach,36081006202,0,21237,38358,45168,55913,,14,0,,20,12732.01736,21224.10903,176.056396,86874.96678,792.5629506,1312,461300,6893.84175961412,6795.16641975049,65.5307381004095,6091.46400396491,5625.02088928223,95.1146225631237,19569.1554410655,311.166121451976,6149.76084536195,5306.01592453971,101.51073333621,223607.928697103,628.394093733436,6093.99985327991,4567.02843284607,122.489285256714,6253,3525,248
Manhattan,Gramercy,36061005000,0,21729,47569,71734,116987,,62,0,76,85,9993.087771,64999.99747,187.8058207,268400,1127,1743,656000,4811.73793238792,4647.53177750808,71.6535949707031,4863.4877508955,4402.71533203125,86.581428527832,174999.999721461,361.999994758357,5428.75499920912,4712.21905064256,102.504447937012,500001.01604694,702.000017664393,5695,4615,104,5055,4031,74
Manhattan,Gramercy,36061006400,0,20058,45410,63678,86713,34,53,67,74,79,9871.42899,,167.8810691,224000,1076,1681,642700,5499,5205,120,7213,6010,344,100000,363,7743,6223,346,498466.822175732,659.177405374169,7334,5649,293,8090,6012,319
Manhattan,Murray Hill-Kips Bay,36061006600,0,15553,32056,44914,70027,26,38,47,52,67,7166.301587,,106.12613,220900,815,1155,613500,8792.9997870829,8164.99980228953,194,11891.9997120425,7899,1051,59999.9985471368,312.999992420897,11837.9997133501,7225.99982502684,1323,159999.996125698,577.999986004084,11841,6520,1317,11740,6317,1108
Manhattan,Gramercy,36061006800,0,15814,36809,52442,96905,37,46,61,73,77,8588.235524,,139.852935,230800,1142,2001,694300,4580.99997013528,4387.9999713935,96,5597.99996350519,4844,273,49999.9996740371,300.999998037703,6202.99995956104,4936.99996781442,408,500000.996740364,641.999995814636,6753,4970,480,7614,5414,376
Queens,Ozone Park,36081004401,0,20448,36209,35341,50438,2,6,10,,20,10571.42887,23416.66599,128.0939997,242993.9052,715.9357112,1107,567300,2752.36719669867,2737.36719669955,2,2533.2631570471,2350.85189670324,3,46033.9999973205,238.011855454269,2415.41003579751,1625.71970574878,63,177726.519537852,554.955336267137,3140.54222680721,773.161566615105,227.088127247989,3500,386,306
Queens,Ozone Park,36081005000,0,19583,25433,27411,-999,,0,0,,,,,166.6666649,224999.9975,597.9999759,-999,-999,24.6328040957451,24.6328040957451,0,84.7368460893631,57.1481056213379,0,,256.000005162083,94.5899677276611,48.2802960276604,0,275000,493.999980983151,103.457770943642,10.838433265686,5.91187286376953,29,0,0
Brooklyn,Ocean Hill,36047037100,0,7069,12775,23799,41880,2,2,5,8,20,4682.390347,14500,83.93992785,205400,550,863,535800,5833,764,5015,3129,43,2736,33750,186,2915,4,2433,84700,363,3982,23,3520,4120,38,3502
Brooklyn,Stuyvesant Heights,36047037900,0,8161,13316,31650,46623,1,4,10,13,16,4165.354484,13125,81.67410876,175500,602,979,470300,5383.99995737895,282.999997759704,5010,2438.99998069229,26,2353,22999.9998179264,179.999998575076,2339.99998147599,23.9999998100102,2207,78099.9993817415,348.999997237232,2827,48,2557,3706,30,3145
Bronx,Norwood,36005043100,0,12099,23616,27779,32027,,12,0,,11,7993.902203,20714.28503,93.47133368,59183.73016,620.9114876,858,311300,7663.47518201004,7231.83402360582,296.98388671875,7858.08262735895,3503.8564453125,1345.65051269531,37500.0008934786,210.999995731727,8740.03906282653,1695.89159594346,1994.95690917969,125204.407731126,420.037585211718,9819.56285695732,886.154906824231,2784.03271222115,9680,566,2407
Bronx,park-cemetery-etc-Bronx,36005043500,0,12099,22912,80488,17604,,12,0,,0,7993.902702,20714.28559,93.47133839,225000.0057,0,-999,312500,645.524519866234,609.165695062118,25.0161151885986,661.917066946722,295.143524169922,113.349411010742,37500.0005900897,211.000000105026,790.960220141211,189.108019559347,168.043029785156,149927.016141608,427.879931121279,65.4371420145035,2.84509325027466,18.9672870635986,39,1,12
Staten Island,Annadale-Huguenot-Prince's Bay-Eltingville,36085017005,0,25474,54923,66348,97371,,14,0,25,31,12253.76047,30193.66156,129.7131293,291900,629,862,543200,3081.33801686592,3064.0455086566,3.27155566215515,4858.72744173185,4675.052734375,2.33682537078857,65942.9997901502,245.999998731815,5085.86687388668,4699.35594715407,5.14101600646973,196900.001473709,540.999981565608,3968,3668,4,4507,3920,17
Staten Island,Annadale-Huguenot-Prince's Bay-Eltingville,36085017011,0,25474,54923,65526,87981,,14,0,,27,12253.7601,30193.66509,129.7131197,254499.9975,702.0000105,1169,520500,1743.18511932958,1733.40234223036,1.85079562664032,2748.69596550134,2644.787109375,1.32199692726135,65943.0011688697,246.000004690429,2877.19406469658,2658.53577655983,2.90839314460754,196899.991656248,540.999994688177,4480.00003620982,4048.62939453125,9.92797756195068,4549,3910,38
Manhattan,West Village,36061007700,0,16598,41135,68133,80747,37,56,67,77,80,8109.561469,64166.67143,117.9291058,410400,998,1711,1000001,6500.99998316084,6237.99998384208,154,6215.99998389906,5502,140,209614.999457047,290.99999924624,6342.9999835701,5402.99998600493,218,500000.998704877,561.999998544285,6146,5201,171,5966,4918,137
Brooklyn,Crown Heights South,36047033500,0,15898,32038,36528,53359,14,23,22,30,34,8051.020582,30402.29834,102.037042,280300,638,832,769700,3116.00004643202,514.000007659197,2540,2996.00004464388,381,2368,62381.0009295493,203.000003024936,3217.00004793704,897.000013366342,2129,238700.003556907,420.000006258488,3120,1123,1757,3139,1919,1086
Brooklyn,Crown Heights North,36047035300,0,9148,17837,27188,34752,4,5,8,10,24,6157.342804,23000,87.8382901,218500,499,885,657000,6128.99995433539,1495.99998885393,4441,4994.99996278435,292,4091,53461.9996016771,196.999998532236,5432.999959521,491.999996334314,4333,164999.998770654,388.999997101724,5558,576,4271,5161,690,3742
Brooklyn,Brownsville,36047092000,0,7597,22283,28125,29858,2,2,6,12,20,3976.744114,,87.109375,131500,328,836,311300,2496.00007613003,521.000015890924,1931,2194.00006691879,17,1982,30833.0009404316,155.000004727626,3382.00010315375,23.0000007015187,2834,112500.003431342,294.000008967239,2892,12,2450,3154,13,2674
Brooklyn,Brownsville,36047092200,0,13096,34485,30703,30129,6,13,13,14,22,8224.718813,,93.80597085,145800,555,790,362200,3341.00005600788,1800.00003017485,1493,2918.00004891679,228,2350,8636.00014477223,225.000003771856,3108.00005210191,76.0000012740493,2745,154200.002584979,394.00000660494,2865,31,2560,2691,19,2431
Manhattan,East Village,36061003400,0,7167,24206,37371,63243,10,20,39,53,71,4190.740574,,61.00284876,197900,755,1419,709000,9345.99993036687,8079.99993979931,891,6587.99995091558,2761,442,149999.998882413,156.999998830259,6311.99995297194,3558.99997348338,446,224999.998323619,437.999996736646,6561,3945,327,6612,4312,285
Manhattan,Stuyvesant Town-Cooper Village,36061004400,0,20638,45149,66154,88401,,39,53,65,72,12421.65855,13750.00047,150.8158438,350000,1023,1472,1000001,13813.4040420055,13352.2618103027,217.262023925781,16380,13530,851,22500,340,15233,12376,848,350000,612,15112,11572,891,16538,11916,774
Manhattan,East Village,36061004000,0,10806,30154,51413,78810,18,35,54,65,75,5784.431383,55000,77.9956412,231000,948,1577,778500,7946.99998519756,6661.99998759106,671,7143.99998669326,4340,471,158332.999705082,205.999999616295,8449.99998426065,5995.99998883158,393,500000.999068676,565.999998945743,8690,5845,516,8651,6097,291
Manhattan,Gramercy,36061004800,0,17849,40874,62229,85556,34,52,64,72,77,8094.26217,61666.66875,148.0434719,243300,1050,1608,613400,7017.00007025222,6115.00006122165,299,7332.00007340591,5421,472,120000.001201406,320.00000320375,6934.00006942125,5200.00005206093,352,500001.005005869,558.000005586538,6402,4670,268,7229,5166,306
Brooklyn,Crown Heights North,36047029900,0,7258,14051,27733,34517,,2,2,4,7,4925.373219,13125.00006,81.81818416,181800,500,848,581400,2456.38842838164,58.7965315304115,2388.25903320313,807.285710695332,3.73311305046082,777.420776367188,28750.001351712,177.000005278474,1615.00002707355,14.0000002346933,1394,112500.001885928,319.000005347654,1657,29,1363,2579,50,1943
Brooklyn,Crown Heights North,36047038100,0,9071,14999,16560,29291,,4,0,6,10,5572.216903,15995.68963,83.2228109,168100,398,565,538600,7260.84317871399,209.374420141104,6998.1106300354,5307.20712742357,24.1872102618217,5100.10015487671,36826.3611292466,156.202248571187,5298.26644036124,21.3337226075423,4945.15830039978,119232.204896573,329.570232974288,4849,13,4307,4763,75,3997
Queens,Woodhaven,36081003400,0,17465,38594,38370,58021,4,2,9,10,15,10307.69223,19092.74238,99.13792783,173500,732,1254,447700,1630.99999696203,1625.99999697134,0,1804.99999663793,1581,2,36740.9999315646,207.99999961257,1569.99999707565,974.999998183921,14,152299.999716319,524.999999022111,2332,481,241,2201,272,260
Brooklyn,Cypress Hills-City Line,36047118600,9050,14141,23092,31959,49233,3,2,4,7,10,9050,19128.78674,99.88635728,187900,654,1174,458100,2107.00007849187,2062.00007681549,13.0000009536743,2085.0000776723,1148,92,32857.0012240186,214.000007972121,2452.00009134412,442.000016465783,293,154900.005770475,522.000019446015,3133,227,491,2969,91,501
Brooklyn,Crown Heights South,36047035500,0,11505,19719,26992,30865,6,10,9,9,11,6522.875817,,97.51428004,224000,604,890,471400,4927.9999678731,1424.99999071006,3404,4980.99996752758,413,3996,64999.9995762482,207.999998643994,5542.99996386375,493.999996779487,4293,274999.998207204,416.999997281469,5433,411,4398,5253,781,3976
Brooklyn,Rugby-Remsen Village,36047088200,0,13486,26987,27348,32181,,9,0,,12,6791.073528,25492.06652,101.0152365,221800.0012,647.000006,960,452900,5751.11887844044,2390.25882428198,3187.86276245117,7125.85216519747,83.7784986495972,6476.88366699219,45916.9448530275,232.438537182021,6564.1746311076,35.9680801704526,6160.53271484375,163599.999579596,484.000006859605,6760.99984526634,17.9840393066406,6365.35107421875,6740,18,6259
Bronx,Belmont,36005039300,0,6429,10676,13163,17988,2,4,7,5,9,5248.520661,19375,73.61471273,200700,483,757,615000,6862.00007668883,5391.00006024912,1187,7369.00008235499,2257,1919,27500.0003073365,164.000001832843,7541.00008427724,1463.0000163503,2012,150000.001676381,323.000003609806,7731,834,2461,8143,554,2522
Bronx,East Concourse-Concourse Village,36005005902,0,12221,29583,33256,36098,15,15,19,20,19,9581.63263,,118.5321133,60000,614,830,157300,2279,2095,119,2560,397,1168,8571,246,2627,177,1210,0,421,2682,92,1013,2582,113,779
Bronx,East Concourse-Concourse Village,36005018301,0,10517,20403,24802,28630,,8,0,,22,6596.685002,,118.7696282,44699.99823,587.0000013,824,166700,4263.91442137957,3148.53241968155,1021.83386230469,3893.59652602673,288.947601318359,2135.55517578125,39999.999138567,230.999995145643,3984.93053609133,102.404799163342,2053.07788085938,106299.995782946,407.999998745751,4637.00001400709,81.9238357543945,2110.64599609375,4525,137,1580
Manhattan,Upper West Side,36061016500,0,17683,55635,89811,122056,31,59,71,80,85,7683.711752,,134.8840804,489000,1143,1814,1000001,6895.99983091024,5817.99985734277,935,6670.99983642723,5179,517,199999.995096005,324.999992031007,7277.99982154361,6003.99985278206,329,449999.98896601,684.999983203816,6618,5468,244,6402,5269,177
Brooklyn,Prospect Lefferts Gardens-Wingate,36047081000,0,15348,24363,32784,37773,12,11,11,13,23,8863.636423,16000,105.5714296,181300,562,878,545600,2385.9999688901,997.999986987561,1310,2758.99996402673,604,1828,36666.9995219167,232.999996962026,2244.99997072853,70.9999990742654,1923,160899.997902103,426.999994432554,2444,44,2169,2300,58,2020
Bronx,North Riverdale-Fieldston-Riverdale,36005030701,0,27275,52069,69534,77217,,45,0,,77,16493.88138,59803.60261,240.0577093,157363.9896,918.39201,1351,405000,6994.02948977333,6560.84887862927,83.3196156024933,6248.47701261844,5479.16969490051,124.366765975952,181167.379382228,405.639213047716,5672.55636221124,5169.98521073256,115.325095653534,500000.98125153,628.486232937047,5579.99979783292,4745.74175357819,191.446216344833,5378,4253,237
Bronx,Bronxdale,36005033600,0,10298,19442,25065,28181,8,8,11,8,9,7341.379431,21562.5,83.49173701,115800,490,706,159800,5792.0000269711,5046.00002349727,702,5292.0000246428,2029,1687,46875.0002182787,174.000000810251,5951.0000277115,957.000004456379,2409,139600.000650063,384.000001788139,6138,410,2864,6188,255,2538
Bronx,Williamsbridge-Olinville,36005037600,0,13288,27420,30132,53750,3,5,15,13,30,9166.666957,22045.45559,96.25,197800,625,870,453900,1689.99995592982,1600.99995825067,71,1922.99994985387,623,700,44285.9988451526,211.999994471669,2028.9999470897,306.999991994351,1032,153099.996007606,481.999987430871,2116,154,1265,2148,102,1135
Bronx,Allerton-Pelham Gardens,36005034800,0,15595,24732,34791,44057,4,4,14,16,18,9460.457718,25102.35057,98.73001099,198380,424.4129129,633,408100,6116.99996672943,4495.99997169897,1577,5783.99996889196,1722,2370,47605.9276174618,161.345997561495,5460.99997176789,894.99999368377,2779,165150.160021105,369.333043913805,5991,447,3403,6129,291,3284
Bronx,Eastchester-Edenwald-Baychester,36005036400,0,20300,33324,62644,58897,5,10,19,19,23,9464.286526,22980.77004,110.5405442,192400,718,1146,395300,2583.00002646167,933.000009558164,1617,2341.00002398249,227,1815,46899.0004804591,238.000002438203,2346.00002403371,68.0000006966293,2072,162900.001668837,544.000005573034,2699,22,2484,2557,25,2220
Manhattan,Washington Heights North,36061027300,0,14661,32179,46418,62631,18,26,44,54,69,7932.258666,,100.9555156,138400,765,1133,441100,6520.00001214445,6418.00001195446,43,6287.00001171045,4494,272,33750.0000628643,228.000000424683,6072.00001130998,3998.00000744686,214,82500.0001536682,441.000000821427,6265,3564,300,6370,3982,262
Manhattan,Upper West Side,36061019100,0,13350,39835,56836,82732,30,46,61,66,74,6911.214775,50000,133.1166367,281500,867,1223,775100,11130.9999170676,8459.99993696809,1982,10356.9999228343,5690,1839,73570.9994518533,258.9999980703,9277.99993087351,6079.99995470047,1064,500000.996274702,532.999996028841,9077,5667,1101,8807,5647,848
Manhattan,Upper West Side,36061018900,0,8380,20246,23836,27568,10,12,19,24,32,6037.688525,19375,90.72770182,242900,465,617,777300,16020.9996419027,9375.99979043007,6050,11902.9997339472,1360,4688,64999.9985471368,161.999996379018,12805.9997137636,2101.99995301664,4466,291699.993479997,311.999993026257,11883,2418,3504,11547,2867,3119
Manhattan,Morningside Heights,36061019300,0,8423,24426,34360,40597,5,7,27,36,49,5345.505983,,77.64347996,165800,555,950,523900,10936.9999796283,6022.99998878129,4520,7305.99998639151,595,2119,174999.999674037,171.999999679625,9026.9999831859,1673.99999688193,2393,224999.999580905,350.999999346212,9416,1913,2256,9009,2419,1783
Manhattan,Morningside Heights,36061019500,0,12201,33423,56196,80809,29,41,56,64,78,5872.053872,,113.6046552,361400,827,1308,906400,8822.99986852705,7600.99988673627,598,8979.99986618757,4173,614,39999.9994039536,239.999996423721,8106.99987919629,4337.99993535876,534,500000.992549405,477.999992877245,8067,4484,426,8197,4943,486
Manhattan,Washington Heights South,36061026500,0,12089,26334,29521,41144,10,12,0,,39,6689.252618,,93.0191247,92442.22548,630.1580586,930,387000,6449.00005405489,6156.000051599,137,7431.13280564733,2408.38053131104,240.876106262207,,213.000001785345,7723.70802931394,1922.66373291705,265.212390899658,12458.4215689106,412.884769067865,8119.99999707937,1478.32743263245,342.34513092041,7021,1847,246
Manhattan,Washington Heights North,36061027500,0,16234,35333,55865,75750,26,36,53,65,71,9902.439459,,134.3689246,191100,789,1407,578000,3539.99989779666,3426.99990105908,74,3066.99991145264,2281,233,,301.999991280958,2704.99992190395,1935.99994410574,180,500000.985564471,527.999984756112,2718,1794,187,2846,1989,179
Manhattan,West Village,36061007500,0,19542,55388,72418,100000,,62,0,75,78,7532.098321,65000,112.2154204,489300,1228,1878,953600,2421.18393230515,2142.37217113216,246.765040814877,3365.71079211408,2904.18149697781,162.39434415102,150000.000174623,342.852970373618,4409.92185993179,3667.05334595545,282.065983295441,500001.000582583,844.798833435045,4167.35499274731,3511.56999516487,132.784997582436,4159,3531,97
Manhattan,West Village,36061007900,0,13932,47224,67112,123542,,54,0,77,86,8387.484314,65000,147.325647,382200,1155,941,1000001,3465.24155208476,3101.01921302266,246.209536463022,3566.9464153366,3045.51471361518,233.751342236996,215625.003834339,277.977021870882,4483.20266847914,3824.88747337262,241.184235960245,500001.008891125,667.983800764762,4598.64500725269,3860.43000483513,175.215002417564,4442,3643,174
Queens,Airport,36081071600,0,23149,44160,47750,-999,,13,0,,,12402.43853,26027.54347,155.3672395,121899.9992,0,-999,-999,57.9885860350559,57.9138409628288,.0135900126770139,55.6850788091496,51.6216659545898,1.15515112876892,46455.0019014118,298.000005941795,59.001042013404,29.7893087857611,15.7915954589844,171800.000644945,710.000008519164,27.406112909317,19.5757942199707,.978789746761322,0,0,0
Queens,Lindenwood-Howard Beach,36081088400,0,20536,45565,60056,70393,,8,0,,17,11184.00874,24583.42494,129.3900384,296500.0087,782.9999929,1223,550300,9073.92796599651,9053.93324734183,10.9958400726318,8085.40703946639,7822.22360193729,1.04299852997065,50896.4176194108,260.99961464037,7729.07562979392,7314.23258965366,52.9799537658691,204999.993562122,604.999997148855,7929.00018525124,7199.2763671875,74.9716339111328,7337,6246,41
Brooklyn,Georgetown-Marine Park-Bergen Beach-Mill Basin,36047066200,0,21011,45117,48419,82995,6,5,15,23,40,11972.973,24753.52083,97.5,193600,714,1093,482400,1297.0000096634,1287.0000095889,2,1264.00000941753,1226,1,51915.0003867969,229.000001706183,1363.00001015514,1290.00000961125,4,195300.001455098,550.000004097819,1366,1093,13,1411,984,52
Brooklyn,Georgetown-Marine Park-Bergen Beach-Mill Basin,36047069800,0,21115,40689,74352,67955,,10,0,,35,10623.22427,24551.88793,136.2230189,218801.5912,835.7245008,1689,496800,1571.46262302472,1557.09011945257,7.46320533752441,1356.81345572762,1308.26696777344,9.240159034729,53888.999883156,261.705565544916,1169.29891204736,1122.41414370893,2.77695369720459,207120.796832508,611.277951215668,1294.25954949856,1173.41642379761,25.71078145504,1277,1073,77
Brooklyn,Canarsie,36047101800,13740,22336,36167,50769,77538,20,29,30,28,37,13740,41407.7668,142.6973741,232800,684,1029,409000,1709.00000318326,1708.0000031814,1,1505.00000280328,1409,4,65366.0001217537,233.000000433996,1080.00000201166,841.000001566485,46,229400.000427291,428.000000797212,2020,340,1409,1851,131,1533
Brooklyn,East New York,36047122000,0,15242,20417,25807,39945,2,6,9,12,21,8906.976425,18750,98.33333588,203900,593,845,551100,949.999997981649,786.999998327956,161,1160.99999753336,313,519,31666.9999327209,240.999999487976,1774.99999622887,143.999999694061,1146,107099.999772458,436.999999071559,2555,103,1938,5495,100,4220
Manhattan,Upper West Side,36061016900,0,16134,46663,75000,104530,29,50,62,72,79,7277.211038,53750,135.4849787,442800,1061,1652,945000,8860.99991747551,7208.99993286096,1346,9218.99991414137,6388,950,207142.99807083,309.9999971129,8801.99991802499,6627.99993827194,595,500000.995343378,627.999994151294,8641,6498,395,8108,6239,338
Manhattan,Upper West Side,36061017300,0,17599,42201,71969,101162,34,54,63,70,77,7480.769143,60000,137.2290198,569900,1076,1612,1000001,8100.00013578683,6892.00011553615,1030,8665.00014525838,5967,914,125000.002095476,300.000005029142,9124.00015295297,6494.00010886416,831,500001.00838192,592.000009924173,8991,6402,743,8939,6290,653
Staten Island,New Springville-Bloomfield-Travis,36085027301,0,23564,57496,62989,83505,,9,0,27,37,10386.72278,39783.59266,52.3428979,171800,745,1073,376200,5945.17826524797,4638.1776253952,1274.00009804936,3424.34661111034,2755.32765644789,388.000710857857,75457.3036390841,223.006767475529,3312.52857939422,2764.32160413603,56.0125747872517,169208.788896402,599.958259179285,3652,2841,89,3820,2648,107
Staten Island,Todt Hill-Emerson Hill-Heartland Village-Lighthouse Hill,36085027704,0,26365,46366,58804,89667,,27,0,29,24,13017.85784,43354.42887,145.0862092,246300,715,816,482900,260.116987577002,259.016351522374,0,1537.40512897239,1428.44213867188,11.3732395172119,82525.0033100084,258.000009808804,4072.00187658051,3389.64130930592,18.9445304870605,214600.0071505,548.000002234293,3939,3030,56,4108,2907,74
Staten Island,Todt Hill-Emerson Hill-Heartland Village-Lighthouse Hill,36085027705,0,26365,46366,56346,80192,,27,0,,28,13017.85783,43354.42854,145.0862085,229199.9994,710.9999868,962,503600,302.724505346918,301.44358360356,0,1789.23418851376,1662.42297363281,13.2361917495728,82524.9973124516,257.999994494387,4739.00135209,3944.86919082422,22.0476722717285,214600.006418951,547.999975805769,5725.00003021955,4254.0966796875,78.9833755493164,5351,3671,81
Staten Island,Todt Hill-Emerson Hill-Heartland Village-Lighthouse Hill,36085027706,0,26365,46366,56346,68750,,27,0,,24,13017.85712,43354.42818,145.0862123,229200.0062,711.0000132,948,419400,164.467003016603,163.771091861385,0,972.071898647496,903.176696777344,7.19108200073242,82525.0010706235,258.000007185786,2574.64901553536,2143.2054612291,11.9782648086548,214600.007273816,547.999998412482,3110.33169004321,2311.20532226563,42.910831451416,2950,1920,92
Staten Island,Westerleigh,36085015100,0,21415,42846,60152,83003,12,19,27,29,35,12594.71374,27114.9146,124.9681548,229600,655,1003,470800,5577.00002057305,5549.00002046976,18,5303.00001956229,5077,17,62704.0002313094,251.000000925917,4795.00001768833,4463.00001646361,33,194000.000715649,538.000001984634,5030,4357,72,5141,4111,122
Staten Island,Westerleigh,36085019700,0,21790,48056,72935,84615,7,13,24,25,34,10877.77746,23696.968,121.5957371,213300,718,1135,439500,2026.99998112209,2025.9999811314,0,1904.99998225831,1844,1,58176.9994581845,260.999997569248,1858.99998268671,1764.99998356216,10,180399.998319894,604.999994365498,1910,1753,11,1867,1588,37
Staten Island,Stapleton-Rosebank,36085002001,0,21458,46295,50859,62939,13,22,21,23,34,11333.33299,23928.57253,141.428575,172600,758,1047,449000,938.000012393924,934.000012341072,0,1741.00002300408,1563,75,59957.0007922202,316.000004175352,1943.00002567313,1577.00002083712,36,177600.002346653,593.000007835391,2299,1694,76,2504,1733,82
Staten Island,Grasmere-Arrochar-Ft. Wadsworth,36085002002,0,22500,39997,51664,90000,,23,0,,36,10621.94213,34215.68852,148.6934603,223094.6885,800.3714652,1134,462100,2086.44974278038,1983.14633112135,80.0483958721161,3045.3175973224,2710.1050658226,56.1983451545238,72179.0004453453,272.000001678243,2776.975194466,2335.12514107348,71.4675278663635,203700.480242932,580.399932311843,3236.00000010431,2433.64473724365,126.026315689087,3258,2332,119
Staten Island,Grymes Hill-Clifton-Fox Hills,36085004000,0,9893,14557,30616,32305,9,9,12,15,20,8450.980535,23242.18815,135.8812607,142100,293,412,324100,5934.99994777039,4767.99995804031,1070,8189.99992792578,2452,4725,44454.999608784,146.99999870636,8574.99992453768,2107.99998144903,4696,137399.998790843,279.999997535924,11105,1527,6233,12998,1286,6190
Staten Island,Grasmere-Arrochar-Ft. Wadsworth,36085005000,0,20927,48141,48600,63398,11,13,25,27,33,11445.37764,28057.85068,111.8518497,195600,631,573,436800,1958.00000319118,1936.00000315532,2,2326.00000379095,2119,42,61145.000099655,199.000000324333,3036.00000494812,2516.00000410061,55,191400.000311947,313.000000510132,3649,2771,97,3847,2572,122
Queens,Bellerose,36081162100,0,19164,44977,53812,68239,7,12,22,25,38,10588.02816,23410.67438,129.9650485,215400,823,1216,501300,5783.00001918705,5762.00001911737,2,5122.00001699396,4765,2,47744.0001584068,277.000000919041,5354.0000177637,3981.00001320831,76,182600.000605837,667.000002212997,6181,2611,347,6197,1542,537
Bronx,Mott Haven-Port Morris,36005005100,0,6811,9287,12336,16283,,2,0,3,9,5381.830259,18500.00033,80.46074282,177948.4646,224.2298616,451,-999,8674.0881014932,3980.67465884986,4478.46724498272,7474.96595095738,102.450681729242,3754.12551644444,17995.2587600355,140.071697532657,6304.36914983082,60.0153679152455,2687.1673541218,30669.6378704561,198.376475044357,5634.00000000373,38.0588235296309,2123.44117647409,5810,49,2034
Manhattan,East Harlem North,36061024200,0,5264,9741,16665,21276,2,2,2,7,15,3470.90897,,55.04877446,276690.9091,303.7678571,428,-999,3556.99996309949,990.999991952381,2386,2072.9999508409,35,1497,44999.9985963456,117.382486441173,3447.99994393438,14.999999795109,2591,0,262.869096409241,3311,31,2234,3396,65,1803
Manhattan,East Harlem North,36061021000,0,10848,17933,26047,36922,,12,13,16,28,8059.111022,,109.777894,17700,555,675,229200,8921.37331994636,323.371235569839,8484.44523620605,7553.66329970859,19.8167186379433,7134.57971191406,42499.9999752617,221.784118348328,6930.99999596563,19.9999999883585,6316,0,419.999999755528,6623,26,5442,6637,133,4789
Manhattan,Central Harlem North-Polo Grounds,36061023600,0,10666,20070,23047,36791,6,9,15,13,27,7123.214404,,69.30555634,38500,510,710,282300,9518.99989361688,161.999998189509,9304,7099.99992065132,54,6841,19999.9997764826,194.999997820705,6333.99992921203,46.9999994747341,5969,0,387.999995663762,5688,48,5069,6404,64,5276
Manhattan,Central Harlem North-Polo Grounds,36061024302,0,8479,15718,11482,16505,1,4,4,5,7,6155.102284,,84.96204955,450000,256,340,1000001,10590.9998150568,2111.99996311963,8363,8293.28860765028,26.9143533110619,7128.13062189519,,136.029894649937,7567.99986784533,44.9999992141966,6259,0,284.999995023245,7386,48,5025,7370,57,3975
Manhattan,Lincoln Square,36061015700,0,15769,41605,71839,102031,27,50,62,71,79,6977.053157,,151.7537126,479800,1044,1514,946100,11709.000152668,10471.0001365263,955,11916.000155367,10113,423,158333.002064427,328.000004276633,11255.0001467485,9540.00012438744,418,500001.006519271,596.000007770956,10961,9087,446,10751,8842,342
Manhattan,Upper West Side,36061016100,0,19044,46133,69262,118167,31,58,71,78,82,6932.566082,,135.0547425,751600,1106,1767,1000001,7769.99994210899,7111.99994701147,459,7236.99994608015,6267,273,124999.999068677,316.999997638166,6869.99994881451,6006.99995524436,188,500000.996274702,634.999995268881,6710,5741,175,6437,5371,159
Bronx,North Riverdale-Fieldston-Riverdale,36005031900,0,0,,,-999,94,77,,,0,806.9054081,,,0,0,-999,-999,677.000007566065,664.000007420778,3,534.000005967915,491,13,,,464.000005185604,346.000003866851,40,,,7,7,0,751,462,84
Bronx,North Riverdale-Fieldston-Riverdale,36005030900,0,27427,46443,61517,86053,,35,0,,67,16145.36947,60491.85669,239.2783297,185491.7859,817.7108013,1247,500600,4020.99248734975,3805.27311766548,46.8493957519531,3829.04140114054,3453.98461914063,61.4474563598633,179242.883619399,405.999991530945,3796.74891112262,3518.0394685942,81.2012100219727,500000.981150981,569.528987925003,3744.99995601177,3301.23974609375,114.78426361084,3891,3190,246
Bronx,North Riverdale-Fieldston-Riverdale,36005032300,0,19930,39349,58071,69784,,39,0,,53,12363.63565,61842.10432,178.8951805,92299.99792,741.9999752,969,275700,6900.97798206261,6067.87796863238,335.830993652344,5894.48155435384,4640.84521484375,521.185791015625,137879.00137683,307.000001783023,5258.69470199919,4028.97530418471,438.473693847656,500001.011518974,486.00000609243,5171.00002777576,3442.0185546875,640.76953125,4904,3171,513
